   1  330   66  195  307
   2  345   86  162  292
   3  327  105  189  267
   4  327  106  187  268
   5  350  110  162  263
   6  347  109  170  257
   7  350  101  190  261
   8  343   89  175  264
   9  329   56  194  295
  10  325   48  207  299
  11  298   49  226  288
  12  274   45  234  290
  13  255   46  257  301
  14  246   29  264  307
  15  246   21  274  324
  16  261   38  287  300
  17  263   11  300  285
  18  260    9  308  285
  19  270    3  294  296
  20  276    5  285  279
  21  291    6  255  279
  22  292    3  241  257
  23  275    2  245  234
  24  281    3  200  222
  25  307    2  152  223
  26  302    3  169  230
  27  292    1  184  228
  28  286    2  188  234
  29  288    3  178  239
  30  283   13  195  222
  31  280   36  199  218
  32  252   64  228  221
  33  235   56  252  248
  34  240   63  251  238
  35  240   75  251  266
  36  244  108  240  242
  37  247  116  234  242
  38  248  110  219  246
  39  253   97  202  261
  40  260  112  193  242
  41  261  123  184  211
  42  268  135  163  198
  43  275  147  161  190
  44  285  155  159  189
  45  287  149  148  181
  46  290  152  157  172
  47  293  143  183  198
  48  287  148  202  197
  49  307  137  186  229
  50  306  127  181  246
  51  300  115  183  242
  52  292   99  182  264
  53  283  124  184  219
  54  287  112  174  229
  55  302  123  132  191
