   1  214   44  197  279
   2  208   59  205  266
   3  214   67  209  270
   4  211   75  213  256
   5  243   80  184  243
   6  247   84  197  240
   7  257   80  189  232
   8  251   60  195  235
   9  286   68  179  231
  10  282   59  197  228
  11  294   65  190  233
  12  295   57  195  228
  13  314   58  195  233
  14  291   56  200  213
  15  285   25  210  248
  16  288   38  203  227
  17  300   34  172  235
  18  298   35  179  214
  19  290   29  172  223
  20  290   40  166  213
  21  287   44  164  214
  22  282   50  162  210
  23  261   54  179  214
  24  262   65  174  202
  25  260   89  170  190
  26  261   96  168  177
  27  264   88  167  194
  28  274   93  164  192
  29  277  102  149  189
  30  283  103  153  189
  31  282  103  149  187
  32  292  108  139  189
  33  222  165  152  179
  34  220  170  156  176
  35  234  175  146  177
  36  217  163  185  186
  37  225  179  190  169
  38  228  190  194  184
  39  219  189  212  191
  40  226  190  215  196
  41  222  192  222  192
  42  215  189  236  191
  43  222  207  231  182
  44  225  194  223  205
  45  220  178  228  220
  46  222  184  213  219
  47  223  181  204  220
  48  215  195  195  205
  49  221  186  182  216
  50  222  192  176  209
  51  233  199  170  205
  52  231  203  150  199
  53  240  223  119  180
  54  230  227  125  174
  55  221  225  141  174
