   1  397   52  180  293
   2  406   60  174  290
   3  409   79  168  264
   4  407  109  175  240
   5  399  126  188  222
   6  395  120  183  237
   7  393  128  174  224
   8  382  120  195  240
   9  369  104  200  243
  10  375   81  189  280
  11  375   51  189  310
  12  379   21  189  319
  13  391    7  182  290
  14  377   19  189  267
  15  383   27  170  249
  16  366   22  180  254
  17  352   36  184  246
  18  343   32  196  236
  19  344   42  197  221
  20  347   33  193  241
  21  359   50  169  215
  22  345   60  177  231
  23  355   63  165  217
  24  336   66  184  203
  25  328   72  184  200
  26  318   64  185  216
  27  317   76  171  195
  28  327   74  153  186
  29  334   67  136  190
  30  320   68  176  197
  31  314   83  173  189
  32  308   82  188  180
  33  335   80  149  206
  34  326   97  145  195
  35  327  103  160  210
  36  304  101  175  201
  37  311  133  163  168
  38  301  143  161  172
  39  313  138  150  188
  40  316  140  128  195
  41  305  166  141  168
  42  282  167  184  195
  43  271  169  219  216
  44  267  169  235  201
  45  271  158  234  239
  46  275  161  240  218
  47  277  161  234  217
  48  290  167  211  227
  49  293  174  194  224
  50  287  167  187  229
  51  307  161  174  236
  52  293  148  175  253
  53  291  151  176  253
  54  288  158  173  243
  55  297  161  165  232
