   1  431  148  128  209
   2  417  138  143  226
   3  422  140  163  228
   4  421  129  157  225
   5  412  126  161  222
   6  401  100  162  240
   7  387   91  175  254
   8  375   86  172  251
   9  356   76  203  259
  10  330   75  219  257
  11  320   89  228  244
  12  313   81  240  248
  13  314   72  255  248
  14  298   59  270  282
  15  314   54  272  267
  16  290   31  299  256
  17  308   23  282  273
  18  305   21  280  267
  19  331    9  244  245
  20  337    2  213  245
  21  339    2  198  222
  22  326    3  187  210
  23  325    3  190  216
  24  327    3  170  204
  25  322    3  174  210
  26  314    2  181  216
  27  312    2  175  205
  28  298    1  191  212
  29  275    1  215  195
  30  264    2  233  195
  31  251    3  249  232
  32  230    3  268  230
  33  227    2  273  241
  34  227    2  260  221
  35  222    2  257  199
  36  223    3  240  225
  37  220    4  225  207
  38  217    1  242  214
  39  209    5  232  212
  40  212   17  228  203
  41  222  102  185  218
  42  215  108  197  216
  43  219  108  196  223
  44  221  118  221  193
  45  231  111  222  198
  46  225  105  250  217
  47  231  126  258  230
  48  240  105  236  265
  49  238   99  239  275
  50  240  101  219  273
  51  253  101  186  277
  52  236   93  191  289
  53  229  109  196  263
  54  242  123  169  252
  55  242  131  192  256
