   1  292   20  189  347
   2  279   41  197  335
   3  267   54  213  320
   4  271  108  212  267
   5  272  117  212  276
   6  272  142  198  261
   7  294  144  163  257
   8  299  168  185  235
   9  300  159  203  243
  10  289  156  179  247
  11  293  136  157  266
  12  269  112  175  289
  13  248  100  184  301
  14  223   78  217  325
  15  198   55  258  346
  16  188   50  278  338
  17  183   49  324  299
  18  204   47  326  297
  19  215   44  310  291
  20  205   20  292  230
  21  217    7  220  237
  22  203    3  229  259
  23  195    2  230  277
  24  184   17  242  265
  25  185   32  234  264
  26  215   35  220  268
  27  228   42  223  270
  28  241   37  214  256
  29  229   29  247  277
  30  244   31  252  245
  31  254   16  214  262
  32  244    5  206  260
  33  222    7  219  259
  34  195   19  252  241
  35  202   47  213  263
  36  194   71  222  258
  37  222   80  203  250
  38  226  104  203  244
  39  220  114  233  241
  40  231  124  232  251
  41  233   89  242  278
  42  237   96  258  280
  43  213  118  303  285
  44  198  110  324  292
  45  188   99  336  296
  46  181   89  343  307
  47  171   87  355  314
  48  172  100  346  301
  49  190  104  328  296
  50  210  107  294  292
  51  219  112  257  285
  52  221  109  234  282
  53  191   94  258  298
  54  206  104  237  286
  55  198  128  214  241
