   1  272   65  278  333
   2  251   49  286  342
   3  262   68  279  315
   4  244   36  291  339
   5  254   52  290  310
   6  267   55  292  310
   7  294   55  276  298
   8  321   32  264  300
   9  342   29  259  258
  10  344    4  257  264
  11  347   17  273  298
  12  356   15  247  290
  13  346    7  250  275
  14  330    3  243  268
  15  333    3  264  271
  16  323   33  224  277
  17  302   57  245  285
  18  291   85  252  259
  19  291   98  247  250
  20  274  100  264  255
  21  295  108  252  248
  22  293  103  248  258
  23  315   94  244  277
  24  329   94  235  263
  25  335   87  263  250
  26  363   86  263  241
  27  332   56  272  273
  28  339   33  245  247
  29  320    5  247  250
  30  312    5  258  256
  31  305    4  271  253
  32  273    3  268  252
  33  260   10  283  272
  34  256   18  279  229
  35  236   21  278  276
  36  268   29  258  256
  37  277   27  251  270
  38  271   38  249  265
  39  267   40  287  298
  40  271   25  292  276
  41  286   37  298  228
  42  298   43  303  276
  43  266   46  338  276
  44  279   60  323  271
  45  284   33  300  291
  46  275   32  295  319
  47  269   30  266  319
  48  255   30  268  309
  49  263   44  247  325
  50  258   63  228  296
  51  241   89  230  299
  52  240  126  222  257
  53  241  123  214  281
  54  249  132  205  264
  55  239  133  227  259
