   1  331   28  186  303
   2  322   55  214  282
   3  316   91  217  270
   4  345  118  180  259
   5  343  129  176  269
   6  340  154  205  249
   7  355  150  195  251
   8  353  155  174  248
   9  353  143  162  260
  10  351  142  155  260
  11  322   88  191  314
  12  328   72  186  330
  13  337   58  204  346
  14  359   52  231  347
  15  349   51  278  325
  16  344   58  246  287
  17  331   67  223  248
  18  310   48  233  237
  19  298   35  225  262
  20  305   29  204  254
  21  308   18  195  241
  22  299   12  214  221
  23  292   16  258  214
  24  313   18  229  219
  25  321   26  196  229
  26  325   30  211  216
  27  296   27  244  236
  28  305   26  209  244
  29  304   37  207  226
  30  301   24  207  234
  31  295   22  230  213
  32  305   38  240  216
  33  325   45  207  226
  34  308   70  219  237
  35  301   87  225  229
  36  311  111  181  202
  37  284   92  210  231
  38  286  104  213  223
  39  287   93  250  239
  40  299  108  214  219
  41  316  131  191  224
  42  297  131  205  233
  43  284  162  226  230
  44  245  157  251  242
  45  221  126  268  271
  46  204  144  276  254
  47  209  124  268  277
  48  246  106  231  294
  49  245  101  217  296
  50  266   81  207  305
  51  272   83  223  301
  52  288   84  201  295
  53  274   90  209  284
  54  275   88  211  282
  55  268   73  241  270
