   1  307   30  194  318
   2  291   26  232  347
   3  272   48  220  308
   4  251   52  253  294
   5  252   70  242  284
   6  260   77  249  283
   7  293   75  220  282
   8  301   71  213  272
   9  324   93  221  273
  10  319   65  199  280
  11  341   64  196  238
  12  332   62  211  240
  13  346   59  210  246
  14  344   57  218  236
  15  341   55  233  237
  16  339   57  234  230
  17  341   57  233  224
  18  340   47  208  262
  19  331   25  234  265
  20  339   24  213  246
  21  326   12  208  257
  22  328   21  201  245
  23  261   73  171  218
  24  227   69  228  224
  25  224   80  216  231
  26  222   95  226  213
  27  214  107  233  244
  28  210  105  226  237
  29  239  125  199  218
  30  235  131  213  231
  31  242  139  211  222
  32  249  136  219  231
  33  258  139  186  203
  34  248  133  209  219
  35  249  133  219  214
  36  276  149  203  213
  37  259  138  253  238
  38  255  129  263  238
  39  265  145  256  234
  40  268  146  252  234
  41  275  137  248  252
  42  255  146  260  240
  43  232  138  278  259
  44  248  146  245  254
  45  254  164  220  238
  46  256  154  210  249
  47  257  171  200  232
  48  254  166  179  237
  49  247  181  163  223
  50  251  195  144  205
  51  253  208  143  185
  52  251  219  150  170
  53  262  229  117  164
  54  241  243  131  148
  55  234  231  125  156
