   1  446   24  162  322
   2  442   19  186  330
   3  439   10  204  332
   4  439   13  192  314
   5  446    8  169  295
   6  422    8  185  280
   7  412    8  190  249
   8  408    9  172  259
   9  387    7  215  245
  10  368    3  220  225
  11  374    3  209  213
  12  375    4  209  204
  13  390    4  202  213
  14  387    5  207  206
  15  393    4  207  213
  16  397    6  198  228
  17  396    3  197  209
  18  369  108  155  209
  19  356  135  172  191
  20  343  143  198  178
  21  338  156  203  169
  22  317  162  220  176
  23  337  163  194  188
  24  325  163  195  215
  25  341  162  175  225
  26  318  150  190  241
  27  301  144  197  227
  28  289  131  208  248
  29  277  126  222  229
  30  283  120  223  236
  31  261  104  263  262
  32  259   92  265  281
  33  250   86  284  273
  34  247   84  290  275
  35  260   78  285  274
  36  262   58  286  285
  37  245   60  308  288
  38  261   50  296  306
  39  261   37  281  303
  40  261   35  300  296
  41  255   27  318  287
  42  269   41  298  285
  43  262   39  299  281
  44  255   38  285  291
  45  262   59  262  273
  46  248   44  268  296
  47  267   58  252  303
  48  264   53  240  318
  49  263   72  259  304
  50  254   72  265  327
  51  269   78  239  321
  52  267   92  252  307
  53  269   89  234  306
  54  287  110  198  279
  55  287  131  193  257
