   1  300   30  189  367
   2  317   27  187  364
   3  304   14  201  360
   4  303   26  219  339
   5  305   37  215  297
   6  303   41  218  298
   7  299   38  256  301
   8  282   30  288  300
   9  275   10  309  341
  10  240   14  307  326
  11  220   21  345  291
  12  204    7  341  292
  13  186    5  349  299
  14  191    9  323  300
  15  195    4  315  299
  16  221    4  284  303
  17  213    4  300  316
  18  226    4  260  316
  19  224    9  272  311
  20  254    2  230  315
  21  252    2  243  318
  22  240    6  241  312
  23  257   13  225  300
  24  244   29  251  294
  25  218   10  291  296
  26  228   16  283  295
  27  230   24  293  297
  28  221   36  303  315
  29  221   45  309  278
  30  221   61  317  256
  31  223   40  306  257
  32  210   56  319  263
  33  192   46  325  265
  34  250   56  280  264
  35  270   52  265  271
  36  277   64  249  252
  37  288   81  222  234
  38  271   86  241  233
  39  269   88  238  243
  40  286  111  211  228
  41  294  123  187  229
  42  274  122  231  236
  43  289  130  200  229
  44  272  118  209  241
  45  234  114  249  240
  46  231  104  241  270
  47  216  102  267  264
  48  210  108  261  265
  49  206  107  267  260
  50  214   98  271  268
  51  225   77  234  294
  52  221   57  245  314
  53  241   49  228  306
  54  246   46  221  304
  55  251   36  252  286
