   1  300   92  206  301
   2  299  100  184  298
   3  309  112  168  290
   4  314  123  157  279
   5  292  126  188  276
   6  300  104  171  297
   7  300   83  180  318
   8  311   70  186  334
   9  330   60  173  341
  10  336   78  181  322
  11  340   89  195  309
  12  328  101  213  299
  13  321   98  231  297
  14  306   86  256  292
  15  262   60  297  333
  16  249   71  329  325
  17  239   59  320  335
  18  262   51  298  330
  19  248   19  306  336
  20  284    9  259  337
  21  302    3  251  346
  22  295    1  255  312
  23  324    2  223  300
  24  340    5  178  293
  25  318    4  218  285
  26  307    5  244  262
  27  300    4  243  237
  28  312    3  230  253
  29  317    6  241  252
  30  324   13  244  249
  31  320   19  258  257
  32  320   37  251  261
  33  306   46  249  265
  34  323   58  189  276
  35  315   91  200  251
  36  309   87  202  238
  37  243   63  244  289
  38  219   51  248  298
  39  218   58  235  327
  40  203   46  233  348
  41  212   37  232  340
  42  233   30  218  334
  43  248   38  206  326
  44  248   42  182  302
  45  258   76  174  278
  46  244  113  193  245
  47  230  137  204  232
  48  245  151  176  216
  49  224  173  198  207
  50  205  191  207  186
  51  212  194  197  172
  52  220  205  200  171
  53  240  197  190  189
  54  246  209  187  184
  55  228  206  193  180
