   1  348  159  159  241
   2  348  165  148  238
   3  340  172  149  229
   4  323  166  167  236
   5  333  172  153  229
   6  335  164  149  238
   7  344  144  146  254
   8  335  122  159  281
   9  309  113  181  289
  10  308  114  177  283
  11  309  116  190  264
  12  311  103  192  252
  13  330   94  188  230
  14  330   78  203  220
  15  352   66  172  231
  16  368   68  156  217
  17  372   51  151  225
  18  345   60  185  194
  19  347   55  167  203
  20  348   56  150  209
  21  333   68  159  198
  22  341   90  167  178
  23  340   94  172  153
  24  362   94  158  166
  25  354   63  162  200
  26  344   59  160  191
  27  345   61  166  193
  28  329   61  151  176
  29  322   50  162  191
  30  317   61  155  202
  31  310   72  163  178
  32  317   67  170  176
  33  326   65  153  196
  34  316   61  152  168
  35  306   56  160  169
  36  302   50  147  183
  37  290   50  138  192
  38  287   61  137  198
  39  268   84  164  190
  40  268  102  174  180
  41  278   94  192  217
  42  279   84  214  246
  43  292   77  198  257
  44  287   61  185  301
  45  284   47  162  315
  46  275   28  142  310
  47  268   59  133  278
  48  252   36  144  308
  49  240   64  172  289
  50  235   77  175  259
  51  226   75  225  268
  52  263  101  213  269
  53  252   98  243  229
  54  282   64  172  255
  55  258   74  237  272
