   1  294  143   95  207
   2  292  153  101  214
   3  297  153   96  214
   4  296  156   94  220
   5  294  149  107  222
   6  314  141   91  227
   7  310  125  118  232
   8  317  107   82  234
   9  312   85  104  238
  10  317   82   95  222
  11  283   74  122  220
  12  275   74  133  189
  13  263   76  140  151
  14  267   71  143  155
  15  265   74  145  165
  16  270   83  152  143
  17  291   80  115  167
  18  295   91  124  165
  19  281  104  139  154
  20  290  112  136  164
  21  301  107  127  155
  22  271  104  148  172
  23  278   95  121  176
  24  298  103  101  181
  25  284  101  131  175
  26  271  100  153  191
  27  253   86  194  185
  28  293   79  140  183
  29  305   85  105  178
  30  294   92  130  174
  31  288   96  144  158
  32  265   93  153  170
  33  274   89  136  185
  34  261   76  165  210
  35  253   69  167  216
  36  211   74  213  205
  37  229   63  214  227
  38  242   76  209  196
  39  223   70  238  212
  40  224   83  232  238
  41  201   94  241  237
  42  172   92  252  274
  43  157  130  257  261
  44  159  143  236  258
  45  162  180  211  217
  46  194  187  183  215
  47  208  204  153  193
  48  230  214  131  185
  49  239  243  110  158
  50  254  262  101  127
  51  266  268  117  136
  52  267  258  113  144
  53  264  263  128  133
  54  267  261  132  139
  55  272  262  118  136
