   1  300   22  142  269
   2  299   30  128  239
   3  316   34  133  229
   4  292   22  149  220
   5  309   22  132  233
   6  318   39  129  193
   7  324   34  113  177
   8  311   34  154  203
   9  318   40  128  183
  10  316   45  133  170
  11  315   48  134  164
  12  315   43  127  168
  13  324   63  115  153
  14  313   68  121  153
  15  331   73   85  149
  16  318   66  105  164
  17  324   77   94  138
  18  318   72  103  148
  19  320   78  106  137
  20  322   79   98  136
  21  311   77  114  140
  22  294   71  125  140
  23  286   72  138  143
  24  287   72  145  149
  25  287   62  146  164
  26  283   67  156  173
  27  277   76  159  162
  28  272   85  165  157
  29  278   95  152  155
  30  275   90  157  167
  31  271   85  161  166
  32  276   91  144  167
  33  276   83  138  182
  34  277   79  142  191
  35  274   78  137  203
  36  285   81  130  204
  37  283   78  126  210
  38  280   86  123  206
  39  273   89  138  218
  40  285   90  126  233
  41  293   85  120  243
  42  290   91  133  250
  43  287   88  122  256
  44  296  100  133  265
  45  293   91  142  277
  46  308  100  124  270
  47  304  109  103  274
  48  304  111  126  279
  49  304  110  133  284
  50  303  115  153  285
  51  303  122  107  281
  52  306  128  114  275
  53  303  127  107  276
  54  303  146  103  253
  55  294  156  100  238
