   1  176   76  143  285
   2  172   79  149  280
   3  170   76  144  285
   4  178   82  130  281
   5  172   80  143  281
   6  169   78  149  282
   7  179   82  143  277
   8  159   71  162  288
   9  168   72  152  288
  10  171   77  151  289
  11  173   85  138  277
  12  168   79  148  283
  13  176   78  142  284
  14  167   77  148  290
  15  168   71  148  292
  16  176   66  138  292
  17  177   57  142  300
  18  177   58  135  303
  19  179   65  135  291
  20  171   71  148  291
  21  176   68  140  291
  22  175   66  142  297
  23  176   66  144  292
  24  171   66  140  294
  25  175   70  143  292
  26  175   74  150  291
  27  170   78  152  282
  28  181   72  141  290
  29  176   79  148  279
  30  163   83  152  277
  31  170   84  153  275
  32  172   85  147  273
  33  154   83  160  275
  34  167   84  147  275
  35  163   67  150  297
  36  172   61  149  308
  37  169   63  151  302
  38  164   50  148  314
  39  167   41  141  320
  40  166   39  143  318
  41  161   36  149  322
  42  166   39  134  321
  43  151   48  156  310
  44  168   49  139  310
  45  168   55  134  305
  46  155   56  143  301
  47  167   52  133  311
  48  162   47  141  313
  49  163   54  132  309
  50  162   54  133  304
  51  166   53  131  308
  52  156   52  154  307
  53  161   55  152  303
  54  161   57  155  302
  55  166   55  152  309
  56  158   54  150  306
  57  165   62  153  300
  58  167   56  150  303
  59  165   58  149  302
  60  168   53  148  307
