   1  181   78  140  282
   2  181   78  138  280
   3  177   80  148  280
   4  179   78  141  280
   5  182   79  134  282
   6  179   77  145  281
   7  182   82  144  278
   8  180   82  145  277
   9  184   81  140  277
  10  180   79  139  280
  11  174   77  149  285
  12  173   72  149  286
  13  173   72  147  292
  14  174   63  149  296
  15  172   57  156  307
  16  177   60  155  301
  17  171   58  155  300
  18  172   67  151  288
  19  162   65  161  293
  20  171   64  161  295
  21  179   68  148  290
  22  172   70  154  294
  23  176   72  151  290
  24  170   74  163  292
  25  181   80  143  287
  26  174   82  153  281
  27  175   84  153  278
  28  181   85  142  278
  29  182   78  145  282
  30  178   75  143  287
  31  172   79  144  278
  32  184   67  145  295
  33  169   57  161  304
  34  182   62  141  298
  35  174   57  136  302
  36  174   52  138  304
  37  173   49  141  310
  38  159   54  145  307
  39  164   57  149  300
  40  170   55  148  302
  41  164   59  148  301
  42  167   58  150  301
  43  169   56  141  304
  44  169   57  145  300
  45  165   54  132  303
  46  167   54  144  302
  47  169   57  136  303
  48  162   58  138  302
  49  166   54  134  302
  50  171   51  146  308
  51  173   54  127  304
  52  171   57  133  300
  53  167   58  131  301
  54  172   57  138  303
  55  178   57  121  301
  56  179   56  126  303
  57  177   59  124  299
  58  182   56  126  304
  59  172   64  134  294
  60  177   57  122  301
