   1   99  108  185  368
   2   95  100  193  373
   3   98  104  177  376
   4  103  109  187  369
   5   93  101  186  371
   6  100  100  182  374
   7  102   97  182  378
   8   99  104  178  366
   9  103  100  180  372
  10   93  103  186  372
  11   92  103  181  369
  12   86  106  189  364
  13   93  100  174  366
  14   91  101  177  367
  15   75   93  194  379
  16   96   88  182  382
  17   79   93  192  378
  18   77   96  198  372
  19   87   93  189  377
  20   90   90  184  382
  21   84   88  190  381
  22   89   89  183  381
  23   93   86  180  388
  24   94   91  175  377
  25   91   91  181  381
  26   91   85  180  385
  27   82   83  193  386
  28   85   87  197  383
  29   86   90  201  377
  30   90   80  184  391
  31   77   87  201  383
  32   83   87  194  383
  33   80   81  195  386
  34   82   82  198  387
  35   78   80  197  388
  36   79   76  191  398
  37   80   79  201  394
  38   71   82  202  389
  39   72   79  205  393
  40   71   75  202  398
  41   72   76  200  396
  42   71   79  208  396
  43   66   79  211  395
  44   68   80  192  396
  45   64   75  212  405
  46   61   79  190  401
  47   62   76  190  401
  48   47   80  201  403
  49   57   75  187  406
  50   50   75  189  413
  51   45   82  196  401
  52   49   77  190  409
  53   42   72  197  415
  54   43   75  200  414
  55   47   68  192  425
  56   47   64  200  431
  57   48   54  194  438
  58   43   56  192  440
  59   49   47  194  449
  60   51   41  191  456
