   1   82   51  242  488
   2   79   55  238  480
   3   81   57  245  477
   4   78   52  244  484
   5   80   52  238  483
   6   73   55  243  487
   7   85   51  232  485
   8   81   53  233  488
   9   84   53  238  486
  10   80   57  240  486
  11   82   54  237  486
  12   75   58  250  485
  13   72   59  251  478
  14   83   57  241  482
  15   72   61  250  475
  16   68   58  249  479
  17   76   54  242  485
  18   60   52  259  486
  19   60   56  257  481
  20   63   55  252  480
  21   66   56  258  484
  22   65   57  265  482
  23   60   54  261  488
  24   64   56  266  479
  25   58   56  268  485
  26   65   53  258  485
  27   69   53  251  484
  28   58   52  267  486
  29   80   44  245  490
  30   70   54  246  485
  31   64   49  254  488
  32   66   51  256  489
  33   67   48  257  494
  34   63   56  256  488
  35   65   47  253  491
  36   59   45  274  497
  37   66   49  258  488
  38   69   44  257  495
  39   63   43  266  499
  40   67   46  268  494
  41   73   45  270  493
  42   60   47  265  494
  43   72   44  268  496
  44   65   46  272  494
  45   64   49  277  494
  46   61   45  283  493
  47   61   43  269  495
  48   57   36  294  504
  49   53   38  266  503
  50   53   33  270  506
  51   47   31  298  506
  52   54   20  255  520
  53   68   19  248  520
  54   44   11  263  519
  55   66    9  254  525
  56   47    6  268  539
  57   52    6  271  534
  58   45    4  264  530
  59   43    4  254  533
  60   45    9  245  528
