   1   95  113  183  328
   2  101  116  175  323
   3   97  117  180  322
   4   98  114  165  331
   5   73  109  208  323
   6   81  111  191  334
   7  104  114  171  328
   8  100  114  184  330
   9   96  113  180  320
  10   92  113  193  324
  11   88  110  187  331
  12  101  112  178  329
  13   92  112  195  334
  14   93  109  192  328
  15   94  112  189  328
  16   88  112  194  328
  17   94  113  200  328
  18   87   99  192  343
  19   83   93  200  347
  20   78  103  214  336
  21   83  107  198  331
  22   85  112  194  330
  23   96  111  182  330
  24   98  109  182  345
  25  103  118  180  323
  26  108  122  181  320
  27  107  130  181  313
  28   98  133  200  308
  29  104  127  189  315
  30   96  126  188  308
  31   97  126  186  311
  32   93  109  191  331
  33   99   94  168  339
  34   94   91  168  346
  35   89   86  172  350
  36   82   78  191  357
  37   85   68  190  366
  38   84   77  190  356
  39   70   78  205  358
  40   86   85  181  349
  41   84   83  179  352
  42   85   83  172  354
  43   92   85  172  353
  44   87   83  185  356
  45   75   79  189  357
  46   87   86  177  353
  47   85   85  185  355
  48   81   81  180  351
  49   72   86  196  355
  50   67   82  183  347
  51   72   80  170  352
  52   71   80  175  350
  53   72   78  180  359
  54   73   81  186  357
  55   69   88  175  345
  56   67   87  178  353
  57   80   81  166  353
  58   78   81  177  353
  59   84   80  172  351
  60   80   83  176  353
