   1  392   54  207  361
   2  389   54  215  362
   3  393   53  203  364
   4  396   51  202  364
   5  392   50  207  369
   6  394   47  200  370
   7  399   48  200  365
   8  395   43  205  372
   9  397   44  199  370
  10  395   48  205  367
  11  396   54  204  363
  12  399   46  209  377
  13  403   49  211  366
  14  385   43  230  374
  15  379   42  228  375
  16  389   45  215  371
  17  387   45  230  373
  18  387   41  217  377
  19  384   49  230  369
  20  377   42  232  378
  21  388   45  215  375
  22  387   46  217  372
  23  387   41  218  378
  24  389   44  217  369
  25  382   46  228  368
  26  383   44  226  369
  27  386   44  214  373
  28  386   50  226  362
  29  383   49  225  367
  30  386   44  220  371
  31  387   45  221  372
  32  402   46  207  368
  33  395   45  218  370
  34  397   49  216  364
  35  401   47  211  367
  36  396   48  222  367
  37  392   42  225  375
  38  392   47  220  370
  39  397   49  218  368
  40  408   46  211  367
  41  403   46  213  379
  42  401   48  213  368
  43  401   48  213  368
  44  405   47  217  371
  45  407   46  222  378
  46  401   46  209  370
  47  401   47  219  376
  48  413   48  206  369
  49  399   47  235  374
  50  407   46  229  368
  51  411   52  206  363
  52  393   43  220  375
  53  406   50  217  374
  54  403   47  235  371
  55  407   42  212  371
  56  412   36  223  373
  57  421   43  220  361
  58  425   34  240  369
  59  453   23  221  372
  60  473   12  214  378
