   1  197  229  116  196
   2  191  229  128  195
   3  189  224  129  206
   4  191  227  122  198
   5  188  229  126  202
   6  193  233  112  186
   7  195  231  112  191
   8  191  233  111  191
   9  184  227  118  194
  10  190  235  112  188
  11  180  238  117  180
  12  193  236  102  181
  13  184  234  119  183
  14  192  238  105  180
  15  184  240  107  175
  16  180  232  116  192
  17  188  233  119  184
  18  192  234  104  178
  19  186  236  110  178
  20  192  236  105  178
  21  198  235   98  176
  22  187  237  110  176
  23  194  241  100  170
  24  189  242  100  170
  25  187  238  108  172
  26  188  242  113  169
  27  184  236  119  174
  28  182  237  119  182
  29  191  241  101  172
  30  186  246  104  165
  31  186  241  100  171
  32  183  246  107  166
  33  180  245  114  166
  34  189  239   91  165
  35  181  241  105  173
  36  186  237   95  172
  37  179  244   98  169
  38  185  248   98  164
  39  181  238  110  176
  40  175  249  110  164
  41  181  244  100  166
  42  178  231  106  181
  43  173  253  108  158
  44  183  252  103  165
  45  179  257  109  163
  46  181  255  103  167
  47  178  260  101  161
  48  175  260   97  162
  49  168  265  109  154
  50  168  264  112  164
  51  168  274  119  162
  52  171  266  105  170
  53  161  278  119  165
  54  168  287  105  157
  55  170  289  104  160
  56  167  295  106  164
  57  167  305  110  160
  58  168  313  108  163
  59  172  325   98  158
  60  167  333  104  161
