   1  349   64  205  353
   2  367   67  186  344
   3  353   64  196  353
   4  349   64  209  353
   5  348   67  209  348
   6  346   63  210  351
   7  346   66  209  349
   8  346   64  209  353
   9  346   61  213  350
  10  345   62  210  350
  11  348   68  211  347
  12  339   64  223  345
  13  340   66  218  343
  14  346   62  211  349
  15  333   66  220  347
  16  338   63  215  349
  17  337   61  217  351
  18  342   67  212  343
  19  344   60  208  351
  20  337   57  223  353
  21  338   60  220  355
  22  339   63  220  353
  23  334   57  223  356
  24  343   60  215  353
  25  338   60  216  352
  26  336   61  227  348
  27  345   61  225  354
  28  337   63  227  349
  29  344   65  210  350
  30  337   62  215  353
  31  336   60  220  354
  32  343   61  213  352
  33  343   60  221  353
  34  336   66  219  345
  35  339   61  218  357
  36  333   62  220  349
  37  346   67  207  343
  38  344   58  209  355
  39  339   59  212  355
  40  340   63  219  349
  41  343   63  214  351
  42  341   61  214  353
  43  343   61  216  351
  44  344   62  207  352
  45  342   64  212  353
  46  340   60  212  351
  47  340   61  224  357
  48  341   63  214  350
  49  347   63  211  349
  50  342   64  208  345
  51  346   63  210  355
  52  340   56  213  361
  53  334   56  219  362
  54  348   62  205  360
  55  338   60  211  349
  56  345   58  209  357
  57  339   61  211  352
  58  335   60  208  358
  59  329   67  225  346
  60  343   55  201  353
