   1  371  172  127  172
   2  370  169  114  175
   3  370  170  128  180
   4  368  163  122  186
   5  374  168  117  176
   6  368  167  127  187
   7  373  165  111  186
   8  372  165  115  182
   9  374  169  106  178
  10  369  171  120  180
  11  365  166  113  183
  12  371  167  115  180
  13  358  166  128  182
  14  360  169  120  175
  15  364  172  120  180
  16  361  169  126  184
  17  358  169  133  181
  18  358  170  128  180
  19  360  171  119  177
  20  357  169  133  181
  21  358  176  128  173
  22  361  176  124  173
  23  351  173  128  181
  24  352  178  121  171
  25  358  177  121  171
  26  353  183  126  171
  27  362  183  116  176
  28  360  180  122  171
  29  353  175  123  181
  30  351  176  128  186
  31  356  179  118  178
  32  347  171  143  185
  33  356  171  121  184
  34  352  174  133  184
  35  351  155  126  204
  36  356  160  120  187
  37  349  161  125  197
  38  354  155  116  198
  39  361  162  128  198
  40  365  164  116  192
  41  359  158  125  203
  42  357  155  120  200
  43  360  157  120  202
  44  363  155  119  204
  45  361  155  119  204
  46  361  157  116  199
  47  363  157  115  196
  48  363  157  113  202
  49  365  155  111  207
  50  365  157  114  203
  51  366  157  109  204
  52  364  157  111  203
  53  365  156  112  201
  54  366  154  118  206
  55  363  154  121  203
  56  365  155  117  206
  57  367  153  110  202
  58  364  157  123  204
  59  365  160  112  197
  60  360  159  125  199
