   1  446  168  151  226
   2  454  170  147  216
   3  454  173  146  216
   4  444  170  155  221
   5  442  170  163  221
   6  448  171  156  222
   7  451  175  152  217
   8  451  172  149  221
   9  448  172  150  221
  10  446  172  155  222
  11  440  170  165  222
  12  446  173  157  222
  13  446  174  153  215
  14  442  174  159  218
  15  447  173  149  221
  16  451  175  145  218
  17  445  172  154  221
  18  444  168  154  231
  19  445  175  154  214
  20  445  178  157  215
  21  447  173  150  217
  22  452  172  150  220
  23  451  174  147  215
  24  451  173  150  219
  25  450  172  150  221
  26  452  172  150  222
  27  453  172  152  222
  28  450  171  153  219
  29  451  174  150  215
  30  446  176  149  214
  31  448  172  149  222
  32  449  170  147  220
  33  452  172  145  221
  34  452  170  148  223
  35  446  176  157  212
  36  448  173  154  214
  37  454  173  145  217
  38  455  176  147  212
  39  446  174  155  213
  40  450  176  149  218
  41  450  173  152  222
  42  444  176  159  216
  43  451  171  146  216
  44  445  176  150  213
  45  442  174  158  216
  46  448  169  153  221
  47  438  174  160  215
  48  448  170  149  221
  49  449  170  154  219
  50  444  173  157  219
  51  451  172  147  214
  52  452  169  149  227
  53  451  169  152  229
  54  451  169  148  224
  55  446  174  152  217
  56  448  167  150  226
  57  452  165  148  227
  58  450  172  146  217
  59  450  169  149  225
  60  459  172  149  220
