   1  409   53  135  208
   2  408   56  141  208
   3  409   53  141  205
   4  410   47  138  206
   5  416   54  136  201
   6  422   56  128  197
   7  417   55  135  196
   8  422   51  130  201
   9  430   55  124  195
  10  425   50  128  203
  11  434   46  125  208
  12  424   50  128  205
  13  436   46  131  203
  14  433   48  133  206
  15  435   53  145  201
  16  434   50  137  203
  17  433   48  146  205
  18  438   50  134  208
  19  444   47  136  206
  20  445   52  140  204
  21  446   53  140  203
  22  455   50  136  207
  23  463   53  123  201
  24  455   50  137  205
  25  463   46  128  214
  26  451   55  139  201
  27  456   49  133  207
  28  454   44  137  215
  29  459   51  140  203
  30  454   49  144  206
  31  465   60  139  200
  32  458   57  142  201
  33  473   52  132  208
  34  460   55  142  204
  35  460   53  139  205
  36  464   51  136  212
  37  462   50  143  212
  38  462   53  139  208
  39  460   51  136  205
  40  465   52  133  208
  41  461   54  137  207
  42  461   51  136  210
  43  463   51  133  208
  44  465   55  131  204
  45  463   48  130  211
  46  456   52  143  206
  47  461   52  144  213
  48  464   49  139  210
  49  474   47  131  214
  50  470   54  139  209
  51  473   52  142  212
  52  471   49  140  208
  53  472   48  139  215
  54  478   48  141  215
  55  483   55  133  205
  56  477   53  139  207
  57  482   56  135  206
  58  475   49  141  210
  59  473   52  143  213
  60  480   51  136  213
