   1   74  157  157  266
   2   73  154  160  268
   3   66  152  159  274
   4   69  144  165  280
   5   69  157  159  269
   6   68  157  150  264
   7   69  150  158  282
   8   64  151  161  277
   9   59  156  159  271
  10   63  162  178  267
  11   60  159  170  272
  12   64  152  156  279
  13   61  163  166  264
  14   54  167  174  262
  15   66  159  176  271
  16   55  159  168  272
  17   49  162  175  267
  18   55  158  177  274
  19   61  160  167  271
  20   48  157  180  276
  21   56  160  162  267
  22   60  164  167  262
  23   53  159  172  272
  24   62  160  163  269
  25   57  160  170  273
  26   60  157  167  277
  27   57  160  168  273
  28   55  156  173  275
  29   56  158  168  275
  30   68  154  170  276
  31   53  156  192  270
  32   63  156  163  268
  33   62  162  167  264
  34   59  157  182  271
  35   50  160  181  268
  36   61  159  169  269
  37   62  159  164  267
  38   56  160  171  269
  39   59  158  179  272
  40   55  158  170  270
  41   55  166  194  257
  42   57  161  179  266
  43   74  157  169  270
  44   64  155  179  279
  45   67  158  168  272
  46   64  163  182  270
  47   65  155  173  278
  48   60  157  176  275
  49   58  155  173  270
  50   60  155  176  281
  51   57  156  180  274
  52   66  153  187  279
  53   62  151  171  279
  54   57  158  177  273
  55   59  157  184  273
  56   58  159  176  271
  57   66  152  175  279
  58   59  153  181  277
  59   60  156  176  277
  60   64  152  183  279
