   1  398  134  137  179
   2  392  130  127  181
   3  393  132  132  181
   4  388  125  134  185
   5  393  124  125  189
   6  395  131  124  177
   7  400  132  124  178
   8  390  129  135  188
   9  397  132  122  177
  10  396  130  123  181
  11  394  134  125  176
  12  391  130  127  182
  13  389  129  128  189
  14  399  129  126  183
  15  395  130  125  187
  16  397  127  120  187
  17  389  133  136  185
  18  396  134  127  181
  19  392  129  130  184
  20  394  128  122  187
  21  398  124  125  192
  22  393  130  122  180
  23  397  130  115  185
  24  392  133  124  178
  25  397  133  123  179
  26  390  129  128  186
  27  396  131  123  182
  28  398  133  118  181
  29  394  129  121  185
  30  398  130  126  186
  31  392  126  130  187
  32  396  126  122  188
  33  400  135  118  175
  34  391  131  125  180
  35  394  133  127  179
  36  397  132  119  177
  37  387  132  126  175
  38  394  132  118  178
  39  398  135  114  176
  40  393  132  123  175
  41  397  132  116  178
  42  396  132  122  180
  43  392  130  123  182
  44  392  134  127  175
  45  392  133  122  173
  46  397  132  121  182
  47  393  130  120  180
  48  393  129  124  184
  49  390  130  126  181
  50  394  132  127  181
  51  388  126  133  189
  52  399  132  122  179
  53  389  130  121  171
  54  401  126  117  184
  55  395  129  125  179
  56  399  133  131  181
  57  391  125  134  191
  58  392  127  133  185
  59  393  128  131  189
  60  394  127  127  185
