   1  276   40  247  397
   2  276   39  244  414
   3  274   43  256  391
   4  274   38  256  395
   5  273   38  255  396
   6  275   35  254  397
   7  278   38  253  397
   8  273   39  254  394
   9  276   41  252  390
  10  273   37  257  396
  11  275   37  256  396
  12  275   38  254  392
  13  277   38  253  395
  14  276   38  255  396
  15  276   38  255  394
  16  275   38  254  394
  17  274   35  255  396
  18  276   37  254  397
  19  274   38  252  394
  20  275   37  253  394
  21  274   38  255  393
  22  275   33  256  401
  23  274   37  254  395
  24  275   37  251  394
  25  274   37  254  394
  26  274   39  255  396
  27  274   38  251  395
  28  278   38  250  395
  29  274   38  256  393
  30  276   38  251  392
  31  275   37  254  391
  32  275   37  254  397
  33  281   39  250  393
  34  279   41  247  393
  35  281   38  246  393
  36  278   35  253  395
  37  275   37  254  396
  38  276   38  258  394
  39  280   39  253  395
  40  280   36  250  397
  41  277   39  253  396
  42  274   36  259  398
  43  281   36  250  399
  44  281   39  248  391
  45  276   35  254  398
  46  281   38  251  399
  47  276   37  254  396
  48  279   36  249  398
  49  279   40  255  394
  50  280   34  252  399
  51  280   38  253  394
  52  275   34  255  397
  53  276   25  254  410
  54  272   26  260  405
  55  275   25  265  410
  56  275   24  263  410
  57  274   26  268  406
  58  275   29  271  404
  59  277   31  264  402
  60  274   30  266  402
