   1  345  129  150  314
   2  343  129  149  315
   3  343  126  150  320
   4  338  128  148  317
   5  335  122  154  324
   6  335  119  171  328
   7  327  119  162  325
   8  331  113  159  329
   9  329  113  170  331
  10  326  117  181  324
  11  334  113  159  329
  12  337  105  171  342
  13  331  110  165  336
  14  322  108  180  334
  15  326  108  175  342
  16  313  109  178  332
  17  312  112  193  336
  18  300  101  195  345
  19  310  114  193  330
  20  301  110  200  332
  21  299  112  205  333
  22  296  115  201  333
  23  293  110  204  335
  24  293  112  200  325
  25  300  113  205  340
  26  297  106  199  342
  27  305  111  188  332
  28  307  109  195  335
  29  311  110  190  336
  30  315  112  201  333
  31  333  118  167  327
  32  338  120  174  323
  33  336  117  167  332
  34  337  122  169  335
  35  349  121  174  326
  36  340  119  172  329
  37  342  112  182  329
  38  329  110  169  332
  39  348  111  168  330
  40  342  102  176  345
  41  329  108  184  330
  42  332  108  180  334
  43  332  111  180  325
  44  323  113  183  326
  45  333  111  177  336
  46  323  118  173  318
  47  323  111  178  329
  48  328  113  168  329
  49  321  111  181  328
  50  318  112  195  329
  51  328  111  187  326
  52  331  114  171  322
  53  330  108  176  330
  54  324  111  186  333
  55  330  111  173  329
  56  326  110  175  327
  57  332  106  167  330
  58  319  111  183  325
  59  327  104  174  333
  60  326  107  170  332
