   1  262   37  193  451
   2  264   43  189  438
   3  259   36  184  446
   4  259   36  195  445
   5  262   35  180  444
   6  257   36  187  452
   7  259   31  192  459
   8  258   36  196  446
   9  260   38  200  446
  10  261   39  184  444
  11  254   38  193  438
  12  256   33  198  458
  13  259   36  187  449
  14  256   35  186  453
  15  257   35  203  447
  16  256   38  200  450
  17  258   37  190  444
  18  259   35  183  449
  19  235   32  210  452
  20  228   31  225  451
  21  225   37  226  445
  22  205   32  238  449
  23  194   36  246  448
  24  213   34  241  455
  25  218   38  239  455
  26  231   27  220  469
  27  224   20  227  470
  28  241   14  204  463
  29  252   11  186  468
  30  249    6  193  478
  31  251   31  203  455
  32  249   27  196  453
  33  219   32  268  451
  34  242   31  251  449
  35  243   25  241  456
  36  255   32  268  443
  37  266   42  267  434
  38  258   28  284  446
  39  266    8  262  473
  40  275    8  213  466
  41  283   11  212  461
  42  264    8  226  459
  43  283    6  202  468
  44  266    4  218  468
  45  267    3  226  467
  46  265    7  227  470
  47  267    9  244  469
  48  265    7  227  472
  49  265    6  236  478
  50  263    6  238  480
  51  265    9  235  477
  52  263    5  243  477
  53  264    5  226  488
  54  260    6  245  481
  55  260   13  237  469
  56  267   13  232  479
  57  291   10  216  480
  58  261   12  227  480
  59  277   16  218  483
  60  256    9  229  492
