   1  272   39  184  435
   2  264   54  198  431
   3  262   30  222  456
   4  260   29  208  452
   5  260   29  202  460
   6  257   31  217  455
   7  256   28  194  458
   8  259   29  223  462
   9  257   30  209  456
  10  253   27  198  464
  11  254   29  194  464
  12  257   33  207  459
  13  255   29  211  476
  14  257   27  188  471
  15  253   27  213  483
  16  251   25  197  467
  17  243   26  207  477
  18  253   24  199  470
  19  256   27  192  460
  20  261   29  185  441
  21  261   34  190  441
  22  255   24  207  473
  23  256   16  246  476
  24  264    9  217  481
  25  275   13  221  470
  26  272   15  223  464
  27  274    9  227  477
  28  278    5  236  482
  29  279    8  237  473
  30  292    8  211  476
  31  302    5  212  483
  32  292    4  211  474
  33  300    2  201  478
  34  299    6  190  470
  35  303    3  197  471
  36  294    7  192  471
  37  311    5  186  472
  38  309    6  192  466
  39  305    5  186  472
  40  293    4  193  475
  41  283    5  207  474
  42  291    3  194  482
  43  295    4  190  478
  44  294    6  205  488
  45  294    5  190  485
  46  290    6  204  484
  47  289    4  187  482
  48  295    9  182  479
  49  295    8  197  479
  50  292    8  196  477
  51  292    6  201  478
  52  308    4  188  479
  53  305    8  186  474
  54  298    6  187  484
  55  302    3  178  479
  56  298    6  168  476
  57  300    5  195  470
  58  288    7  177  477
  59  287    8  182  481
  60  287    7  183  479
