   1  264   92  178  410
   2  255   99  199  401
   3  253   99  212  404
   4  253   96  202  400
   5  253   92  206  415
   6  251   94  202  409
   7  254   94  209  412
   8  254   93  206  419
   9  254   92  208  411
  10  254   93  195  417
  11  251   94  203  412
  12  254   92  201  414
  13  253   96  198  407
  14  252   97  213  412
  15  256   96  199  411
  16  251   98  197  404
  17  254   91  194  408
  18  251   93  207  418
  19  254   93  196  411
  20  254   97  207  408
  21  253   94  209  415
  22  252   95  195  408
  23  252   95  208  420
  24  251   94  210  419
  25  255   91  202  411
  26  225   83  227  419
  27  236   91  215  417
  28  221   92  229  421
  29  205   95  245  413
  30  211   94  246  431
  31  214   97  232  418
  32  222   84  216  429
  33  224   70  240  438
  34  216   53  245  448
  35  244   56  209  462
  36  246   49  210  466
  37  254   50  202  457
  38  256   63  204  444
  39  254   54  197  447
  40  236   75  221  435
  41  253   80  222  441
  42  256   92  230  431
  43  249  100  245  410
  44  253  102  253  410
  45  252   80  251  430
  46  259   87  240  434
  47  258   58  234  461
  48  258   43  224  480
  49  272    7  203  518
  50  260    8  217  518
  51  258    7  211  534
  52  272    8  183  540
  53  245    9  232  550
  54  246   10  217  557
  55  236   15  224  547
  56  240   41  235  532
  57  237   55  223  516
  58  234   65  230  502
  59  249   81  202  492
  60  231   89  225  481
