   1   89   32  157  308
   2  100   25  152  317
   3  103   29  159  301
   4   96   27  173  293
   5   96   17  129  302
   6  103   23  130  295
   7   94   24  138  293
   8   87   25  124  288
   9   74   27  142  281
  10   62   36  139  270
  11   64   32  140  266
  12   84   42  119  247
  13   77   38  121  248
  14   70   35  134  242
  15   63   30  144  243
  16   71   25  141  242
  17   53   24  159  233
  18   43   25  183  227
  19   45   28  190  219
  20   57   30  188  238
  21   48   30  197  247
  22   55   39  186  238
  23   66   46  166  239
