   1  205    2  132  294
   2  213    2  119  297
   3  211    3  125  300
   4  212    3  120  297
   5  208    3  120  299
   6  214    3  113  294
   7  210    3  119  293
   8  203    2  125  295
   9  195    2  131  294
  10  202    3  131  292
  11  212    2  121  301
  12  210    2  127  297
  13  195    2  141  293
  14  192    2  146  296
  15  186    3  140  288
  16  183    3  141  287
  17  173    3  152  286
  18  172    3  152  276
  19  171    3  156  277
  20  181    3  145  277
  21  178    2  141  280
  22  181    3  142  274
  23  178    3  141  276
