   1  325  187  141  247
   2  307  182  144  247
   3  297  188  154  237
   4  276  183  155  248
   5  288  200  134  223
   6  275  192  143  233
   7  275  195  138  232
   8  269  201  135  228
   9  257  205  145  232
  10  238  211  159  226
  11  246  222  149  229
  12  246  233  154  222
  13  239  240  136  212
  14  233  246  147  209
  15  232  255  140  208
  16  217  261  130  199
  17  221  271  115  194
  18  221  283  116  184
  19  220  295  108  182
  20  208  292  106  186
  21  209  319  104  176
  22  196  320  116  188
  23  193  336  104  179
