   1  313   81  186  283
   2  306   75  196  285
   3  304   75  198  287
   4  291   82  227  279
   5  298   86  201  271
   6  282   84  206  277
   7  261   80  210  281
   8  264   83  185  272
   9  257   72  193  292
  10  250   74  204  287
  11  253   77  212  293
  12  239   77  222  284
  13  237   78  222  286
  14  236   93  213  272
  15  232   95  217  275
  16  236   91  197  280
  17  240   96  194  277
  18  250   93  180  277
  19  275   95  168  284
  20  283   92  170  287
  21  304   88  143  291
  22  308   86  143  302
  23  297   84  164  308
