   1  197  112  160  268
   2  222  119  141  261
   3  218  111  176  264
   4  230   97  166  275
   5  241   96  148  279
   6  225  101  182  268
   7  236   95  180  277
   8  263   93  168  273
   9  278   98  170  272
  10  293  105  163  263
  11  307  112  173  258
  12  318  104  174  268
  13  316  108  184  263
  14  322  109  141  264
  15  317  114  147  258
  16  322  100  146  277
  17  310  105  158  269
  18  312  108  150  272
  19  296  100  172  289
  20  298  100  174  294
  21  292  107  175  294
  22  294   99  169  304
  23  300  111  159  292
