   1  410   93  199  347
   2  414   88  197  346
   3  411   83  202  357
   4  399   85  207  351
   5  386   85  217  354
   6  385   83  203  355
   7  380   92  194  350
   8  386   96  156  345
   9  388   94  143  345
  10  377   96  174  346
  11  348   98  189  347
  12  349  108  192  334
  13  359  108  174  335
  14  359  103  179  342
  15  358  106  170  335
  16  359  100  169  340
  17  364   98  157  350
  18  354   99  180  341
  19  356  100  177  342
  20  343   94  198  351
  21  337  103  200  343
  22  347   98  189  348
  23  352  106  192  343
