   1  559  179   58   82
   2  554  182   55   77
   3  548  182   65   82
   4  540  187   62   78
   5  541  186   53   76
   6  532  184   56   81
   7  539  190   54   78
   8  530  181   65   87
   9  526  182   66   90
  10  519  186   69   89
  11  520  186   61   90
  12  515  186   69   92
  13  517  192   61   88
  14  508  192   65   88
  15  507  191   61   91
  16  507  196   60   86
  17  504  196   65   97
  18  498  204   66   86
  19  494  204   71   90
  20  502  206   55   90
  21  487  204   69   92
  22  486  206   62   88
  23  483  209   70   89
