   1  205  145  139  224
   2  211  150  139  221
   3  209  160  138  212
   4  210  167  128  203
   5  204  160  126  210
   6  190  161  137  210
   7  186  160  148  212
   8  168  158  144  215
   9  155  160  128  210
  10  130  153  124  223
  11  115  154  111  212
  12  101  154  113  214
  13   78  151  119  206
  14   77  155  105  198
  15   84  161   92  185
  16   75  160   93  172
  17   74  165   89  159
  18   72  174   79  145
  19   67  187   69  132
  20   49  190   73  121
  21   28  216   48   95
  22   23  221   44   88
  23   13  222   45   87
