   1  579  217   67   87
   2  566  214   79   88
   3  570  207   75   94
   4  564  207   75   96
   5  556  203   75   93
   6  559  203   69   94
   7  555  201   62   95
   8  548  201   69   96
   9  548  197   70  104
  10  545  194   70   97
  11  546  193   66  101
  12  544  196   60   88
  13  542  202   65   84
  14  540  199   65   87
  15  535  198   69   89
  16  532  197   70   89
  17  541  203   58   79
  18  535  202   61   77
  19  539  204   62   81
  20  533  206   73   79
  21  536  208   68   78
  22  540  212   65   80
  23  548  207   61   80
