   1  367   89  178  407
   2  355   93  192  387
   3  335   94  203  389
   4  319   97  225  387
   5  312   80  215  408
   6  291   74  230  406
   7  278   67  231  414
   8  249   60  237  404
   9  239   63  220  382
  10  224   55  233  392
  11  225   58  232  402
  12  223   55  240  387
  13  218   52  231  388
  14  203   56  243  363
  15  188   52  218  331
  16  178   53  194  323
  17  170   61  173  321
  18  153   69  153  310
  19  134   66  174  315
  20  138   70  168  314
  21  137   70  193  332
  22  133   73  189  324
