   1  310   71  253  383
   2  303   68  271  386
   3  300   66  276  396
   4  301   63  265  401
   5  312   75  242  395
   6  315   79  198  395
   7  309   74  211  404
   8  313   74  230  393
   9  302   73  239  410
  10  305  107  241  394
  11  303   90  228  430
  12  311  105  234  412
  13  324  106  246  409
  14  343  110  207  404
  15  359   98  203  419
  16  355   92  206  415
  17  349   76  218  439
  18  381   62  201  429
  19  372   53  225  430
  20  387   36  216  460
  21  377   29  227  468
  22  374   32  248  463
  23  391   53  240  462
