   1  369  168  183  296
   2  370  173  192  294
   3  360  186  210  293
   4  351  172  239  308
   5  375  183  221  284
   6  387  189  222  272
   7  374  182  241  273
   8  411  182  187  266
   9  421  191  176  251
  10  427  189  189  264
  11  425  199  200  237
  12  434  200  193  248
  13  431  213  178  229
  14  466  214  149  230
  15  481  228  131  213
  16  482  244  139  200
  17  493  252  140  190
  18  499  258  139  184
  19  515  265  130  175
  20  531  269  119  178
  21  540  280  130  178
  22  570  307  108  161
  23  587  317   94  159
