   1  112  106  256  423
   2  100   90  263  436
   3  130   84  237  436
   4  106   90  266  437
   5  116   65  266  468
   6  103   82  276  443
   7  100   63  278  472
   8   92   40  285  477
   9   96   42  270  466
  10  103   17  306  499
  11   91   26  269  486
  12   59   34  292  483
  13   45   23  292  490
  14   86   45  248  474
  15   81   57  266  455
  16   85   63  318  460
  17   93   68  325  457
  18   94   68  333  450
  19  116   71  307  450
  20   91   58  322  455
  21   85   50  331  475
  22   94   67  318  459
  23   83   58  323  464
