   1  386  117  167  373
   2  350  111  193  384
   3  370  105  175  389
   4  379  107  155  386
   5  376  108  151  386
   6  375  105  151  393
   7  370  107  161  396
   8  358  104  182  392
   9  346  102  184  401
  10  341  109  166  391
  11  332  104  168  400
  12  340  114  168  386
  13  306  114  193  382
  14  317   91  194  404
  15  314   93  185  400
  16  323  100  176  399
  17  316  100  160  393
  18  305  102  184  396
  19  295   89  189  410
  20  288  105  200  388
  21  295  111  198  387
  22  294  116  205  386
  23  286  118  232  372
