   1  321   95  184  378
   2  306   85  198  390
   3  315   91  197  385
   4  320  100  184  375
   5  313  105  190  372
   6  307  114  207  365
   7  306  115  216  379
   8  290  109  233  391
   9  282  102  244  394
  10  269  100  248  398
  11  234  101  257  400
  12  233   89  249  415
  13  233   88  261  417
  14  245   99  270  404
  15  256   98  285  409
  16  228  100  317  403
  17  222  100  307  433
  18  210  111  282  425
  19  197  134  228  406
  20  226  134  206  404
  21  240  141  194  378
  22  201  146  235  373
  23  174  146  259  385
