   1  585  257   45   77
   2  579  254   54   76
   3  581  255   55   80
   4  581  261   58   76
   5  577  253   60   85
   6  575  258   64   83
   7  572  253   68   87
   8  573  257   59   81
   9  564  255   70   88
  10  569  259   69   82
  11  569  258   68   86
  12  570  258   68   88
  13  567  257   70   83
  14  573  260   55   80
  15  568  263   64   82
  16  572  268   54   72
  17  563  264   63   83
  18  572  268   52   80
  19  566  268   55   86
  20  565  270   59   82
  21  568  277   59   78
  22  571  277   55   77
  23  574  278   53   79
