   1   85   29  124  287
   2   97   29  128  283
   3  113   30  108  278
   4  103   33  125  280
   5  104   34  142  283
   6  112   38  151  285
   7  103   36  187  285
   8  114   38  173  294
   9   99   35  202  288
  10  110   36  194  288
  11  117   40  189  287
  12  129   44  181  281
  13  131   43  172  284
  14  120   37  196  293
  15   99   36  225  295
  16   92   32  260  311
  17   88   15  299  340
  18   64   16  325  343
  19   83   28  263  327
  20  105   58  221  301
  21   81   38  214  323
  22   76   48  213  306
  23   43   51  245  303
