   1   49  110  112  192
   2   43  105  121  193
   3   45  103  117  195
   4   50  100  135  194
   5   43   90  155  207
   6   50  101  147  196
   7   52  100  156  196
   8   57   96  155  203
   9   67  105  152  189
  10   76  107  155  196
  11   98  102  137  215
  12   96  100  159  210
  13  104  107  168  203
  14  109   99  178  206
  15  111  104  175  205
  16  120  108  172  199
  17  110  104  183  206
  18  114   91  163  222
  19  116   74  161  236
  20  118   83  162  228
  21  125   89  153  223
  22  132   89  161  227
  23  143   91  158  221
