   1  200   64  153  274
   2  183   47  167  284
   3  188   55  160  276
   4  185   31  171  304
   5  212   31  153  302
   6  197   30  159  297
   7  202   17  143  276
   8  190   18  167  253
   9  184   11  167  240
  10  193    9  148  259
  11  198   17  140  267
  12  167   22  174  278
  13  161   13  168  299
  14  161    9  162  308
  15  168   27  169  300
  16  162   36  168  301
  17  166   38  155  304
  18  182   59  143  282
  19  178   60  138  282
  20  180   67  135  274
  21  176   73  143  272
  22  179   74  145  270
  23  184   75  134  268
