   1   84   62  248  406
   2   81   61  255  406
   3   82   57  246  410
   4   70   49  267  418
   5   74   42  263  424
   6   95   40  267  405
   7  110   35  244  404
   8  128   32  238  405
   9  147   48  227  397
  10  158   46  226  391
  11  152   41  246  406
  12  160   54  230  388
  13  169   59  293  380
  14  173   60  258  375
  15  170   56  241  389
  16  167   54  235  385
  17  157   56  232  388
  18  134   46  252  399
  19  142   58  231  381
  20  133   52  229  396
  21  140   46  201  402
  22  137   54  207  397
  23  117   49  227  400
