   1  218  173  331  188
   2  214  173  335  189
   3  210  173  339  189
   4  205  174  342  189
   5  202  174  346  189
   6  198  175  349  189
   7  204  172  340  191
   8  210  169  331  192
   9  216  166  322  193
  10  222  163  313  194
  11  228  161  304  195
  12  227  151  305  205
  13  227  141  306  215
  14  226  131  306  225
  15  226  121  307  235
  16  226  111  307  245
  17  225  103  307  254
  18  225   95  307  262
  19  225   87  307  270
  20  225   79  307  278
  21  225   72  307  286
  22  226   75  306  283
  23  227   78  304  279
  24  228   81  302  275
  25  229   84  300  271
  26  231   88  298  267
  27  231   91  298  264
  28  232   95  298  261
  29  232   99  298  257
  30  233  103  298  254
  31  234  107  297  250
  32  234  110  297  247
  33  234  114  297  243
  34  234  117  297  240
  35  234  121  297  236
  36  235  125  297  232
  37  236  123  297  234
  38  237  122  296  235
  39  238  120  295  237
  40  238  119  294  238
  41  240  118  293  239
  42  240  113  294  244
  43  241  109  295  249
  44  241  104  296  254
  45  242  100  297  259
  46  243   96  297  263
  47  243   93  296  266
  48  243   90  295  269
  49  243   88  294  272
  50  243   85  293  275
  51  244   83  291  278
  52  243   80  291  282
  53  244   78  291  285
  54  244   76  291  289
  55  244   74  291  292
  56  244   72  290  295
  57  243   68  290  300
  58  243   65  290  305
  59  243   62  290  309
  60  243   59  290  314
  61  243   56  289  318
  62  243   51  289  324
  63  244   47  288  330
  64  244   42  288  335
  65  245   38  287  341
  66  246   34  286  346
  67  246   33  287  348
  68  246   32  287  349
  69  246   32  287  350
  70  245   31  287  351
  71  246   31  287  352
  72  245   33  287  351
  73  244   35  286  349
  74  243   37  285  348
  75  241   39  284  346
  76  241   41  283  344
  77  241   42  282  343
  78  241   43  281  342
  79  242   45  279  341
  80  242   46  278  340
  81  243   48  276  338
  82  243   48  276  337
  83  243   49  275  336
  84  243   49  275  334
  85  243   50  274  333
  86  244   51  273  331
  87  243   51  274  332
  88  243   51  275  332
  89  243   51  275  332
  90  243   51  276  332
  91  243   51  276  332
  92  245   50  276  334
  93  247   49  276  336
  94  250   49  276  338
  95  252   48  276  340
  96  255   48  276  342
  97  256   47  277  342
  98  258   47  277  342
  99  260   47  277  342
 100  262   47  277  342
 101  264   47  277  342
 102  264   46  278  343
 103  264   46  279  344
 104  264   45  280  344
 105  264   45  281  345
 106  265   45  281  345
 107  263   44  282  346
 108  262   43  283  347
 109  261   42  283  347
 110  260   41  284  348
 111  259   41  284  348
 112  259   41  284  348
 113  259   41  284  348
