   1  175  150  383  232
   2  174  152  384  230
   3  174  154  384  228
   4  173  156  385  226
   5  173  158  385  224
   6  173  160  385  222
   7  174  155  385  227
   8  174  152  384  232
   9  176  148  384  237
  10  177  144  383  242
  11  178  140  382  246
  12  176  140  385  246
  13  174  140  387  246
  14  173  140  390  245
  15  171  140  392  245
  16  170  141  394  244
  17  170  141  393  244
  18  170  141  391  243
  19  171  142  390  243
  20  171  142  388  242
  21  172  143  386  241
  22  170  143  388  241
  23  169  143  390  241
  24  167  143  391  241
  25  166  143  393  241
  26  165  144  394  241
  27  167  144  392  240
  28  170  144  389  239
  29  172  144  386  238
  30  175  144  383  237
  31  178  145  380  236
  32  176  143  382  238
  33  175  142  383  240
  34  173  141  384  241
  35  172  140  385  243
  36  171  139  386  244
  37  170  142  387  241
  38  169  146  388  238
  39  168  149  389  235
  40  167  153  390  232
  41  167  157  391  228
  42  168  157  389  227
  43  169  158  387  226
  44  170  159  385  224
  45  171  160  383  223
  46  172  161  381  221
  47  171  163  384  219
  48  170  166  386  217
  49  170  168  389  215
  50  169  171  391  213
  51  169  174  393  210
  52  169  167  393  218
  53  169  159  392  225
  54  169  153  392  233
  55  169  146  391  240
  56  170  139  390  247
  57  170  144  391  242
  58  170  149  392  236
  59  169  155  392  230
  60  170  160  393  224
  61  170  166  393  218
  62  169  163  393  221
  63  170  161  393  223
  64  170  159  393  226
  65  170  157  393  228
  66  170  155  392  230
  67  171  154  390  231
  68  173  153  388  232
  69  174  152  385  233
  70  176  151  383  234
  71  178  151  380  234
  72  175  148  385  236
  73  173  146  389  238
  74  171  144  394  240
  75  169  142  398  242
  76  167  140  402  243
  77  167  136  400  246
  78  168  133  397  248
  79  169  129  395  251
  80  170  126  392  253
  81  171  123  389  255
  82  171  112  388  266
  83  172  102  387  276
  84  172   92  386  287
  85  173   82  385  297
  86  174   72  384  307
  87  171   62  388  318
  88  168   52  392  328
  89  166   42  395  339
  90  163   32  399  349
  91  161   22  402  359
  92  163   24  398  357
  93  165   26  393  355
  94  167   29  388  352
  95  169   31  383  350
  96  172   34  378  347
  97  173   40  376  341
  98  174   46  373  335
  99  175   52  370  328
 100  176   58  367  322
 101  178   65  364  315
 102  178   72  363  308
 103  179   79  362  301
 104  179   87  361  293
 105  180   94  360  286
 106  181  102  359  278
 107  181  102  359  278
 108  181  102  359  278
 109  181  102  359  278
 110  181  102  359  278
 111  181  102  359  278
