   1  191  174  368  205
   2  191  169  368  209
   3  191  166  368  213
   4  191  162  368  217
   5  191  158  368  221
   6  192  154  368  224
   7  193  148  366  229
   8  195  142  364  234
   9  197  137  362  238
  10  199  131  360  243
  11  201  126  357  247
  12  200  121  357  253
  13  200  116  357  258
  14  199  111  357  264
  15  199  106  357  269
  16  199  102  357  274
  17  197   91  359  286
  18  196   80  361  297
  19  195   70  362  308
  20  194   59  364  319
  21  193   49  365  330
  22  194   52  361  327
  23  196   56  357  324
  24  198   59  353  321
  25  200   63  349  318
  26  202   67  344  315
  27  202   71  342  312
  28  203   75  340  308
  29  203   79  337  304
  30  204   83  335  300
  31  205   87  332  296
  32  206   90  331  293
  33  207   94  330  289
  34  207   98  328  286
  35  209  102  327  282
  36  210  106  325  278
  37  209  106  325  278
  38  209  107  324  277
  39  208  108  324  276
  40  208  109  323  275
  41  208  110  322  274
  42  208  106  321  278
  43  209  102  319  281
  44  209   99  318  284
  45  210   95  316  287
  46  211   92  314  290
  47  211   86  315  297
  48  211   81  315  303
  49  211   76  316  310
  50  211   71  316  316
  51  212   66  316  322
  52  211   60  317  328
  53  211   54  317  334
  54  211   48  317  340
  55  211   42  317  346
  56  211   36  317  352
  57  211   32  316  355
  58  212   29  314  358
  59  212   25  312  361
  60  213   22  310  364
  61  214   19  308  367
  62  215   20  307  367
  63  217   22  306  366
  64  218   24  304  365
  65  220   26  303  364
  66  222   28  301  363
  67  223   29  299  361
  68  225   30  297  359
  69  227   31  295  357
  70  229   32  293  355
  71  231   33  291  353
  72  231   33  291  353
  73  231   33  291  353
  74  231   34  290  352
  75  231   34  290  352
  76  232   35  289  351
  77  231   34  290  352
  78  231   34  291  353
  79  230   34  291  354
  80  230   34  292  355
  81  230   34  292  355
  82  229   34  292  355
  83  229   34  292  354
  84  229   35  292  354
  85  229   35  292  353
  86  229   36  292  352
  87  229   36  292  352
  88  230   36  292  352
  89  230   36  292  352
  90  231   36  292  352
  91  232   36  292  352
  92  232   35  292  353
  93  232   35  292  353
  94  232   35  292  353
  95  232   35  292  353
  96  233   35  292  353
  97  233   35  292  354
  98  233   35  292  354
  99  233   35  292  355
 100  233   35  292  355
 101  234   35  291  355
 102  233   34  292  356
 103  233   34  293  357
 104  232   33  293  358
 105  232   33  294  359
 106  232   33  294  359
 107  232   33  294  359
 108  232   33  294  359
