   1  230  188  281  181
   2  228  188  284  181
   3  227  188  286  181
   4  226  188  289  181
   5  225  188  291  181
   6  224  189  293  181
   7  223  186  294  183
   8  223  183  295  185
   9  222  181  296  187
  10  222  178  297  189
  11  222  176  297  190
  12  222  170  297  196
  13  222  165  296  202
  14  222  159  296  208
  15  222  154  295  214
  16  223  149  294  219
  17  223  141  294  228
  18  223  133  293  237
  19  223  126  292  245
  20  223  118  291  254
  21  224  111  290  262
  22  224  102  290  272
  23  224   93  290  281
  24  224   84  290  290
  25  224   75  290  299
  26  225   67  290  308
  27  224   75  290  300
  28  224   84  290  292
  29  224   93  290  284
  30  224  102  290  276
  31  224  111  290  268
  32  224  113  291  265
  33  224  116  292  262
  34  224  119  293  259
  35  224  122  294  256
  36  225  125  294  253
  37  225  129  294  250
  38  225  133  294  246
  39  225  137  294  243
  40  225  141  294  239
  41  226  145  294  235
  42  226  143  293  237
  43  227  141  292  239
  44  228  139  291  241
  45  229  137  290  243
  46  230  136  288  245
  47  229  135  288  246
  48  229  135  288  246
  49  228  135  288  246
  50  228  135  288  246
  51  228  135  287  246
  52  227  134  288  247
  53  226  134  288  247
  54  225  134  289  247
  55  224  134  289  247
  56  224  134  289  247
  57  223  133  290  248
  58  223  132  290  249
  59  222  131  291  249
  60  222  130  291  250
  61  222  129  291  250
  62  222  126  292  253
  63  221  124  292  256
  64  222  121  293  258
  65  222  119  293  261
  66  222  117  293  263
  67  221  113  293  267
  68  221  110  293  271
  69  220  106  292  275
  70  220  103  292  279
  71  220  100  291  283
  72  219   96  291  288
  73  218   92  291  293
  74  217   88  290  298
  75  216   84  290  303
  76  216   81  289  307
  77  215   76  288  313
  78  215   71  287  318
  79  214   66  286  324
  80  214   61  285  329
  81  214   56  284  334
  82  214   52  283  338
  83  215   49  282  342
  84  215   46  281  345
  85  216   43  280  349
  86  217   40  278  352
  87  218   40  278  352
  88  219   41  278  352
  89  221   41  278  351
  90  222   42  278  351
  91  224   43  277  350
  92  226   44  276  349
  93  229   45  275  347
  94  231   46  274  346
  95  234   47  273  344
  96  237   49  272  342
  97  238   49  271  341
  98  239   50  270  340
  99  240   50  269  339
 100  241   51  268  338
 101  242   52  267  337
 102  242   51  267  337
 103  243   51  267  337
 104  244   51  266  337
 105  245   51  266  337
 106  246   51  265  337
 107  244   50  266  338
 108  244   50  267  338
 109  243   49  268  338
 110  242   49  269  338
 111  241   49  269  338
 112  240   49  270  339
 113  239   49  270  339
 114  239   50  271  339
 115  238   50  271  339
 116  238   51  271  339
 117  238   51  271  339
 118  238   51  270  339
 119  239   52  269  339
 120  239   52  268  339
 121  240   53  267  339
 122  240   53  267  339
 123  240   53  267  339
