   1  224  195  294  177
   2  224  193  295  179
   3  225  192  295  181
   4  225  191  295  183
   5  226  190  295  185
   6  227  189  295  186
   7  226  184  295  189
   8  225  180  295  191
   9  225  176  295  193
  10  224  172  295  195
  11  224  168  294  197
  12  224  160  294  206
  13  224  153  294  214
  14  223  145  293  222
  15  224  138  293  230
  16  224  131  292  238
  17  224  121  292  248
  18  224  112  291  258
  19  225  102  291  268
  20  225   93  290  278
  21  226   84  289  288
  22  225   81  290  292
  23  225   78  291  295
  24  224   76  292  299
  25  224   73  293  302
  26  224   71  294  305
  27  223   80  295  297
  28  223   89  295  289
  29  223   98  296  281
  30  223  107  296  273
  31  223  116  296  265
  32  223  119  295  261
  33  224  123  294  256
  34  225  127  292  252
  35  226  131  291  247
  36  227  135  289  242
  37  227  137  290  241
  38  227  139  290  240
  39  227  141  290  239
  40  227  143  290  238
  41  228  145  290  237
  42  228  143  290  239
  43  229  141  289  240
  44  230  140  289  241
  45  231  138  288  242
  46  232  137  287  243
  47  231  136  288  243
  48  230  137  288  243
  49  229  137  288  243
  50  228  137  288  243
  51  228  137  288  242
  52  227  136  290  243
  53  226  136  291  243
  54  225  136  292  243
  55  224  136  293  243
  56  224  136  294  243
  57  224  133  294  246
  58  224  131  293  249
  59  225  129  292  251
  60  225  127  291  254
  61  226  125  290  256
  62  224  122  292  259
  63  223  119  293  262
  64  222  117  295  264
  65  221  114  296  267
  66  220  112  297  269
  67  219  108  296  273
  68  219  105  294  277
  69  219  101  292  281
  70  219   98  290  285
  71  219   95  288  289
  72  218   90  288  294
  73  218   85  288  299
  74  217   81  288  304
  75  217   76  288  309
  76  217   72  288  313
  77  216   66  288  320
  78  216   61  287  326
  79  215   55  287  333
  80  215   50  286  339
  81  215   45  285  345
  82  216   44  284  346
  83  217   44  282  346
  84  218   44  280  346
  85  219   44  278  346
  86  221   44  276  346
  87  223   44  276  346
  88  225   45  275  345
  89  227   46  275  344
  90  229   47  274  343
  91  232   48  273  342
  92  233   48  272  342
  93  235   48  271  342
  94  237   48  270  342
  95  239   48  269  342
  96  241   49  268  341
  97  241   49  268  341
  98  242   50  268  340
  99  242   51  268  340
 100  243   52  268  339
 101  244   53  268  338
 102  243   52  270  339
 103  242   52  272  339
 104  242   51  273  340
 105  241   51  275  340
 106  241   51  276  340
 107  240   50  275  341
 108  240   50  274  341
 109  240   49  273  341
 110  240   49  272  341
 111  240   49  271  341
 112  239   49  271  340
 113  239   50  271  339
 114  239   50  271  338
 115  239   51  271  337
 116  239   52  271  336
 117  239   52  271  336
 118  239   52  271  336
 119  239   52  271  336
 120  239   52  271  336
 121  239   52  271  336
 122  239   52  271  336
