   1  202  205  310  182
   2  201  204  311  182
   3  200  203  312  182
   4  200  202  313  181
   5  199  201  314  181
   6  199  201  314  180
   7  200  201  313  181
   8  201  202  311  181
   9  202  202  310  182
  10  203  203  308  182
  11  205  204  306  182
  12  204  199  308  187
  13  203  194  309  191
  14  202  190  310  196
  15  200  185  311  200
  16  200  181  312  204
  17  198  177  315  207
  18  197  174  318  209
  19  196  171  320  212
  20  195  168  323  214
  21  194  165  325  216
  22  195  162  324  219
  23  196  159  322  221
  24  198  156  320  224
  25  199  153  318  226
  26  201  151  316  228
  27  201  145  316  235
  28  202  139  316  241
  29  202  133  316  248
  30  203  127  316  254
  31  204  122  315  260
  32  203  116  317  266
  33  202  110  319  272
  34  202  104  320  278
  35  201   98  322  284
  36  201   92  323  289
  37  201   89  323  292
  38  201   86  323  295
  39  201   84  322  298
  40  201   81  322  301
  41  202   79  321  303
  42  202   89  320  292
  43  203   99  318  281
  44  204  110  317  270
  45  205  120  315  259
  46  206  131  313  247
  47  205  140  314  238
  48  206  149  315  229
  49  206  159  316  220
  50  206  168  317  211
  51  206  178  317  201
  52  205  182  319  197
  53  204  186  321  192
  54  204  190  322  188
  55  203  194  324  183
  56  203  199  325  178
  57  203  195  324  182
  58  203  191  323  186
  59  204  187  321  190
  60  204  183  320  194
  61  205  179  318  198
  62  205  173  319  204
  63  205  168  320  210
  64  205  162  320  216
  65  205  157  321  222
  66  206  152  321  227
  67  205  149  321  230
  68  205  146  321  233
  69  205  144  321  235
  70  205  141  321  238
  71  205  139  320  240
  72  204  137  320  242
  73  204  135  320  244
  74  204  133  320  245
  75  204  131  320  247
  76  204  129  319  248
  77  204  125  318  252
  78  206  122  317  256
  79  207  118  316  260
  80  208  115  315  264
  81  209  112  313  267
  82  209  106  314  273
  83  210  100  315  279
  84  211   94  316  285
  85  212   88  317  291
  86  213   82  317  296
  87  212   81  319  297
  88  211   80  320  298
  89  211   80  321  299
  90  210   79  322  300
  91  210   79  323  300
  92  208   79  324  300
  93  207   79  325  300
  94  205   79  325  300
  95  204   79  326  300
  96  203   79  326  300
  97  202   78  329  302
  98  201   78  332  304
  99  200   78  335  305
 100  199   78  338  307
 101  199   78  341  308
 102  200   78  339  308
 103  201   78  337  308
 104  203   78  335  308
 105  204   78  333  308
 106  206   78  331  307
 107  206   78  330  307
 108  206   78  329  306
 109  206   78  327  306
 110  206   78  326  305
 111  207   79  324  304
 112  205   79  324  305
 113  203   79  324  306
 114  202   79  323  306
 115  200   79  323  307
 116  199   80  322  307
 117  198   80  322  306
 118  199   81  322  305
 119  199   81  322  304
 120  199   82  322  303
 121  199   83  321  302
 122  199   83  321  302
 123  199   83  321  302
 124  199   83  321  302
 125  199   83  321  302
 126  199   83  321  302
 127  199   83  321  302
