   1    5  124   74  191
   2    8  127   80  192
   3   14  129   86  192
   4   16  132   88  192
   5   27  136   84  189
   6   32  136   86  187
   7   36  138   92  190
   8   45  138   90  189
   9   56  141   84  189
  10   63  143   81  184
  11   66  145   82  181
  12   69  141   89  190
  13   77  148   82  181
  14   84  148   78  191
  15   93  149   76  186
  16  100  149   79  190
  17  110  146   71  192
  18  111  149   75  190
  19  114  150   84  186
  20  121  159   78  179
  21  128  155   80  183
  22  131  161   77  185
  23  135  160   79  192
  24  139  161   87  191
  25  143  162   83  194
  26  158  165   71  189
  27  150  159   91  194
  28  165  170   74  189
  29  166  165   75  184
  30  171  166   74  191
  31  171  160   80  195
  32  184  165   67  187
  33  181  164   79  192
  34  182  164   74  185
  35  188  161   79  192
  36  191  165   81  191
  37  193  164   82  191
  38  195  166   78  187
  39  201  170   77  186
  40  207  173   82  188
  41  204  170   82  181
  42  209  174   86  183
  43  218  176   79  188
  44  217  176   87  185
  45  222  178   82  179
  46  227  179   84  180
  47  234  180   83  180
  48  242  180   80  190
  49  242  183   85  186
  50  239  183   94  190
  51  249  186   89  190
  52  253  190   90  185
  53  265  191   89  184
  54  271  192   84  183
  55  272  196   92  187
  56  272  197   91  175
  57  279  195   89  172
  58  285  197   89  168
  59  287  199   90  170
  60  288  194  101  172
