   1    5  133   66  184
   2    8  134   78  184
   3    6  138   82  186
   4   11  138   81  184
   5   20  141   80  189
   6   22  138   77  189
   7   21  140   72  190
   8   27  139   87  191
   9   33  140   75  186
  10   39  138   77  183
  11   49  138   76  189
  12   43  135   83  192
  13   51  140   80  188
  14   58  142   80  190
  15   62  143   83  185
  16   64  146   89  189
  17   70  149   86  188
  18   76  152   86  187
  19   79  152   86  189
  20   79  147   91  195
  21   84  157   89  190
  22   91  158   87  197
  23  100  160   84  188
  24  102  161   91  192
  25  106  164   91  194
  26  111  166   91  191
  27  119  172   88  187
  28  122  168   88  190
  29  127  167   92  197
  30  130  172   94  189
  31  137  170   91  191
  32  143  167   91  194
  33  145  170   88  186
  34  150  171   90  188
  35  158  174   87  182
  36  162  173   85  183
  37  169  173   82  185
  38  169  175   83  180
  39  180  172   83  188
  40  175  172   92  194
  41  185  180   84  182
  42  186  175   84  190
  43  193  180   77  183
  44  192  180   84  193
  45  187  173   93  196
  46  204  182   75  189
  47  212  188   72  180
  48  216  188   72  181
  49  216  188   83  187
  50  224  191   80  178
  51  225  189   82  182
  52  225  186   88  191
  53  227  189   95  183
  54  233  194   98  174
  55  242  195   92  180
  56  249  195   90  186
  57  256  201   94  182
  58  259  199   93  181
  59  262  199   94  183
  60  270  195   89  186
