   1    4  146   80  173
   2    9  145   85  181
   3   15  147   84  181
   4   17  141   89  196
   5   26  154   87  176
   6   37  154   79  185
   7   36  157   94  184
   8   46  153   83  185
   9   52  157   88  188
  10   59  155   81  184
  11   60  158   81  183
  12   70  157   87  181
  13   72  159   83  178
  14   82  166   77  172
  15   82  159   83  183
  16   89  165   78  174
  17   90  160   84  180
  18  105  166   79  175
  19  107  168   81  175
  20  113  172   78  174
  21  117  173   82  173
  22  123  169   79  179
  23  126  173   82  177
  24  137  172   78  179
  25  139  179   80  172
  26  146  180   74  169
  27  149  180   77  165
  28  152  178   78  170
  29  161  179   78  169
  30  165  181   73  171
  31  164  181   78  166
  32  173  179   75  171
  33  177  181   79  169
  34  178  179   82  173
  35  183  180   75  169
  36  179  175   83  175
  37  189  188   82  168
  38  199  180   75  175
  39  196  182   79  178
  40  206  185   77  170
  41  208  183   80  168
  42  212  188   78  171
  43  212  184   78  174
  44  226  191   72  163
  45  228  189   78  173
  46  237  193   72  168
  47  236  188   76  179
  48  236  195   79  170
  49  240  197   86  174
  50  247  199   80  170
  51  248  201   82  164
  52  250  196   81  166
  53  256  205   90  164
  54  262  197   85  168
  55  265  197   80  170
  56  278  205   77  159
  57  277  201   85  164
  58  282  200   79  167
  59  287  205   85  159
  60  296  201   82  165
