   1   15  150   77  183
   2   16  146   94  188
   3   24  145   89  187
   4   23  143   92  184
   5   27  141   94  188
   6   35  143   90  187
   7   40  140   83  190
   8   42  147   88  187
   9   45  147   84  184
  10   46  150   93  181
  11   52  150   86  183
  12   60  153   84  183
  13   65  155   87  185
  14   73  160   76  174
  15   70  156   92  185
  16   77  158   80  184
  17   85  166   80  175
  18   82  165   89  179
  19  105  166   75  179
  20   90  162   96  187
  21   99  167   87  184
  22  101  161   93  190
  23  109  165   90  194
  24  113  170   96  190
  25  121  173   94  188
  26  120  173  102  189
  27  124  175  100  184
  28  130  179   98  181
  29  137  178   95  187
  30  138  179   98  182
  31  139  179  102  182
  32  156  181   97  184
  33  153  177   99  184
  34  154  178  100  183
  35  161  181  101  185
  36  164  175   99  188
  37  167  175   99  188
  38  170  181  107  180
  39  175  184  104  176
  40  180  183  100  177
  41  184  186  106  179
  42  189  184  109  187
  43  195  183  103  183
  44  198  188  103  177
  45  201  190  107  177
  46  212  189   97  178
  47  211  186   93  183
  48  214  187   95  181
  49  218  191  105  179
  50  224  193  101  177
  51  236  188   85  182
  52  229  193   97  174
  53  233  192   96  178
  54  235  193  103  178
  55  240  188   96  189
  56  240  189  100  188
  57  245  195  104  180
  58  243  196  108  180
  59  250  202   97  173
  60  258  202   88  175
