   1   11  158   77  168
   2   18  161   75  171
   3   19  154   83  172
   4   27  152   79  176
   5   36  158   74  169
   6   39  160   72  168
   7   42  157   74  174
   8   45  163   83  170
   9   54  167   80  168
  10   63  171   75  163
  11   65  168   77  171
  12   75  173   69  166
  13   85  178   72  165
  14   84  177   73  163
  15   91  180   70  158
  16   94  177   76  167
  17   99  181   71  167
  18   98  186   75  163
  19  106  178   82  172
  20  113  178   71  173
  21  116  186   70  163
  22  120  186   73  163
  23  123  185   70  168
  24  127  186   68  169
  25  136  196   68  167
  26  133  189   77  166
  27  144  192   75  166
  28  144  190   74  168
  29  154  189   70  172
  30  146  186   74  166
  31  150  187   70  162
  32  156  188   81  163
  33  161  192   75  161
  34  157  188   77  167
  35  165  193   71  166
  36  171  191   70  166
  37  172  195   70  163
  38  174  193   69  166
  39  178  193   77  163
  40  176  191   78  161
  41  181  190   77  168
  42  188  197   71  157
  43  189  190   79  165
  44  196  194   70  162
  45  200  195   74  168
  46  205  200   77  164
  47  204  197   76  168
  48  207  198   78  165
  49  214  198   74  167
  50  218  205   74  168
  51  221  198   73  169
  52  223  202   75  169
  53  228  209   73  164
  54  228  200   83  172
  55  236  194   87  174
  56  237  194   77  174
  57  234  200   85  171
  58  245  203   78  166
  59  248  200   82  172
  60  251  206   84  171
