   1  319  120  130  272
   2  318  118  148  261
   3  319  120  135  261
   4  312  120  133  263
   5  325  126  133  252
   6  328  129  132  254
   7  333  123  127  261
   8  330  120  135  263
   9  336  120  127  264
  10  322  120  127  260
  11  334  117  133  252
  12  325  109  133  266
  13  333  115  132  257
  14  327  114  127  264
  15  328  129  136  258
  16  331  127  130  263
  17  325  126  133  264
  18  319  127  136  267
  19  319  126  127  257
  20  328  117  123  266
  21  310  118  133  266
  22  309  115  148  261
  23  303  117  135  258
  24  294  121  147  255
  25  301  127  133  255
  26  283  136  136  255
  27  271  130  148  251
  28  282  132  133  254
  29  283  126  130  258
  30  264  120  133  257
  31  273  117  127  266
  32  256  112  150  266
  33  265  114  148  266
  34  253  112  147  267
  35  261  123  150  260
  36  258  120  131  266
  37  255  127  142  258
  38  258  127  128  255
  39  246  127  148  258
  40  262  121  125  255
  41  252  114  147  258
  42  247  118  138  254
  43  247  115  160  266
  44  241  123  146  257
  45  255  123  132  267
  46  255  126  126  264
  47  244  126  141  263
  48  255  120  141  264
  49  256  120  129  269
  50  252  117  148  266
  51  259  111  122  272
  52  259  118  130  266
  53  252  123  132  275
  54  258  123  129  275
  55  259  135  138  261
  56  265  127  144  263
  57  270  121  132  273
  58  261  129  138  254
  59  258  115  144  266
  60  249  114  148  267
