   1  405  121   93  239
   2  379  123  121  249
   3  385  130  118  239
   4  378  129  120  236
   5  385  141   99  230
   6  391  145  120  234
   7  390  145  110  237
   8  391  139  102  242
   9  369  135  123  252
  10  376  136  118  248
  11  372  136  112  249
  12  370  133  120  249
  13  375  139  121  245
  14  378  147  127  239
  15  370  156  136  240
  16  370  151  124  254
  17  355  145  121  263
  18  342  138  129  263
  19  337  142  121  258
  20  322  132  133  267
  21  319  138  127  258
  22  315  136  120  260
  23  316  136  117  255
  24  309  141  130  261
  25  301  147  129  258
  26  286  145  129  269
  27  288  148  127  260
  28  276  141  135  267
  29  271  132  141  278
  30  270  127  130  279
  31  271  126  127  284
  32  262  120  133  287
  33  265  123  123  282
  34  268  120  129  287
  35  261  123  123  288
  36  259  127  136  288
  37  256  127  126  306
  38  252  124  139  306
  39  253  121  139  299
  40  255  127  123  285
  41  253  114  126  293
  42  261  118  116  276
  43  241  102  137  284
  44  246   96  123  306
  45  238  102  131  309
  46  229   99  143  300
  47  225  100  152  306
  48  226  106  132  311
  49  213  121  146  296
  50  214  126  132  300
  51  205  121  131  293
  52  183  106  137  308
  53  192  109  120  294
  54  171   97  128  311
  55  168  103  132  303
  56  159   97  135  315
  57  165   96  144  323
  58  157   96  149  336
  59  172  109  159  312
  60  174  109  165  320
