   1  285  120  144  300
   2  274  103  153  312
   3  265   82  159  335
   4  267   87  157  341
   5  270   81  151  329
   6  267   75  159  341
   7  286   72  153  345
   8  282   72  136  345
   9  276   69  147  360
  10  291   79  150  353
  11  292   81  139  366
  12  295   88  153  359
  13  294   96  159  344
  14  307   99  141  350
  15  297   88  165  359
  16  315   93  132  345
  17  306   87  172  356
  18  324   85  162  357
  19  327   85  175  350
  20  328   90  174  350
  21  327   90  168  350
  22  340  102  156  350
  23  330  108  159  348
  24  334  111  160  353
  25  348  109  154  360
  26  328  115  169  350
  27  339  115  144  347
  28  333  114  162  339
  29  319  112  159  344
  30  313  109  159  332
  31  307  106  160  320
  32  310  105  162  330
  33  306  108  163  318
  34  306  118  157  311
  35  307  129  153  314
  36  304  136  150  312
  37  301  144  168  317
  38  298  150  183  327
  39  298  145  162  314
  40  297  141  157  333
  41  306  135  160  324
  42  297  138  162  332
  43  277  126  180  339
  44  294  138  178  332
  45  294  138  169  332
  46  283  150  172  336
  47  289  148  172  341
  48  285  157  171  345
  49  294  156  148  347
  50  309  172  160  335
  51  318  171  159  335
  52  331  166  145  338
  53  327  162  162  336
  54  331  162  172  330
  55  343  148  157  342
  56  357  144  165  351
  57  349  136  169  350
  58  352  136  178  348
  59  360  142  172  341
  60  354  139  163  360
