   1  345   70  172  471
   2  337   82  208  447
   3  331   82  193  449
   4  324   79  198  438
   5  321   69  198  450
   6  312   61  237  446
   7  321   52  193  470
   8  321   43  205  473
   9  321   45  196  477
  10  322   43  211  489
  11  340   37  181  476
  12  340   37  184  465
  13  343   45  195  450
  14  348   43  181  458
  15  355   42  169  465
  16  343   51  184  458
  17  355   57  186  455
  18  370   64  181  443
  19  367   51  169  477
  20  379   45  166  473
  21  387   43  184  456
  22  375   28  187  479
  23  382   28  198  468
  24  379   31  198  473
  25  381   19  190  488
  26  396   24  191  482
  27  382   24  187  474
  28  379   15  192  476
  29  378   19  195  465
  30  372   13  187  468
  31  367   21  181  470
  32  358   24  186  465
  33  360   24  181  473
  34  348   34  195  462
  35  348   34  195  462
  36  339   45  192  455
  37  328   31  204  473
  38  339   27  202  461
  39  301   15  213  480
  40  301   18  208  477
  41  304   15  202  488
  42  316    7  196  491
  43  307   15  222  482
  44  303   16  217  476
  45  300    9  199  479
  46  288    9  201  477
  47  294   15  192  470
  48  261   16  216  462
  49  280   13  189  474
  50  270   33  193  473
  51  274   42  199  464
  52  280   39  174  467
  53  250   36  196  464
  54  250   28  207  456
  55  264   25  199  459
  56  235   13  238  482
  57  237    7  223  497
  58  226    9  237  497
  59  234    6  226  495
  60  232   10  216  492
