   1  447    6  150  304
   2  432    5  160  317
   3  430    5  159  325
   4  434   11  156  328
   5  445   11  156  336
   6  444   10  148  337
   7  443   13  150  319
   8  448    5  154  330
   9  450    2  146  337
  10  449    4  144  320
  11  446    3  145  320
  12  451    3  151  309
  13  443    4  160  301
  14  441    4  148  306
  15  451    3  164  307
  16  454    4  161  301
  17  452    1  166  321
  18  446    5  172  319
  19  447    4  167  319
  20  453   15  161  326
  21  448   17  184  324
  22  447   17  172  325
  23  454   18  160  324
  24  457   18  147  324
  25  453   15  160  326
  26  448   16  152  320
  27  455   14  151  321
  28  454    7  162  314
  29  455    2  152  320
  30  453    6  154  308
  31  451    6  159  298
  32  443    7  165  305
  33  440    6  171  303
  34  439   17  170  299
  35  449   18  170  303
  36  454   24  158  314
  37  462   36  159  302
  38  436   35  175  314
  39  431   34  178  316
  40  435   33  164  318
  41  423   30  170  314
  42  409   28  176  314
  43  394   29  184  325
  44  371   27  199  312
  45  378   23  181  314
  46  358   22  189  305
  47  347   21  192  303
  48  337   23  194  302
  49  335   24  185  308
  50  318   25  202  301
  51  311   24  195  305
  52  311   37  192  301
  53  324   40  182  313
  54  305   39  182  315
  55  289   37  203  312
  56  280   32  203  318
  57  273   31  194  331
  58  272   32  190  318
  59  266   25  195  325
  60  254   22  217  324
