   1  295  112   97  154
   2  296  110   82  159
   3  292  108   93  159
   4  305  108   82  161
   5  292  106  100  172
   6  293  105   97  166
   7  302  110   92  163
   8  300  112   94  159
   9  297  115   96  155
  10  296  109   96  169
  11  304  125   84  153
  12  299  118   92  154
  13  303  122   78  158
  14  304  120   89  162
  15  300  109   91  168
  16  300  107   86  167
  17  302  115   93  164
  18  295  115   88  165
  19  310  121   76  140
  20  299  113   93  161
  21  314  109   81  162
  22  290  106  103  168
  23  319  118   66  155
  24  305  115   87  154
  25  309  118   84  154
  26  298  115   93  155
  27  306  113   90  158
  28  317  114   64  155
  29  299  107   88  168
  30  304  120   82  146
  31  310  112   80  166
  32  314  123   79  147
  33  320  118   69  151
  34  322  120   74  154
  35  323  123   71  153
  36  315  120   79  159
  37  313  129   85  151
  38  313  126   80  157
  39  311  122   79  159
  40  313  129   90  153
  41  304  128   93  154
  42  311  125   80  153
  43  305  124   88  160
  44  306  127   88  152
  45  313  124   88  154
  46  314  120   90  158
  47  308  127   91  151
  48  309  117   85  157
  49  313  123   92  153
  50  320  111   80  162
  51  317  118   90  155
  52  322  116   83  153
  53  320  114   85  157
  54  323  117   85  155
  55  317  121   86  151
  56  317  121   83  157
  57  320  118   86  158
  58  317  126   83  160
  59  310  127   84  153
  60  315  126   79  157
