   1  429   35  119  265
   2  402   46  161  242
   3  419   47  128  246
   4  404   36  131  254
   5  378   44  173  251
   6  380   48  146  233
   7  372   52  147  218
   8  368   48  146  254
   9  357   44  155  262
  10  344   58  153  249
  11  342   51  150  251
  12  312   54  160  262
  13  302   52  171  259
  14  306   47  164  277
  15  288   43  190  274
  16  282   46  170  276
  17  272   45  198  265
  18  285   44  177  265
  19  289   36  158  267
  20  267   35  198  269
  21  274   48  184  257
  22  275   35  178  268
  23  260   32  192  284
  24  260   34  188  283
  25  254   39  198  279
  26  251   38  191  285
  27  236   49  230  286
  28  231   52  222  295
  29  237   48  214  300
  30  227   67  205  292
  31  237   64  199  298
  32  242   65  191  300
  33  252   58  184  326
  34  271   56  197  331
  35  273   59  188  316
  36  267   63  211  315
  37  275   52  205  329
  38  287   61  206  326
  39  286   58  206  328
  40  274   56  216  337
  41  291   71  209  323
  42  293   67  206  330
  43  307   62  205  336
  44  307   55  220  341
  45  318   55  181  341
  46  318   45  202  349
  47  298   26  216  361
  48  313   25  225  364
  49  315   13  208  368
  50  310    8  200  364
  51  314   14  201  350
  52  325    9  213  361
  53  345   13  210  366
  54  338   11  201  366
  55  363   17  196  367
  56  375   19  206  367
  57  373   20  215  365
  58  402   22  203  362
  59  393   15  234  366
  60  410   16  216  369
