   1  288  296   44   63
   2  287  297   48   61
   3  291  292   49   77
   4  300  292   41   69
   5  294  284   56   82
   6  301  290   62   77
   7  293  290   71   73
   8  310  290   49   76
   9  309  292   56   78
  10  311  290   55   74
  11  323  286   52   77
  12  317  289   63   78
  13  326  285   56   81
  14  332  289   53   71
  15  334  291   54   75
  16  336  294   55   66
  17  345  292   53   71
  18  343  293   52   69
  19  349  293   50   70
  20  356  291   49   72
  21  357  294   53   68
  22  361  289   57   72
  23  365  289   56   73
  24  371  291   50   69
  25  371  288   58   73
  26  372  290   60   72
  27  376  291   59   73
  28  383  291   51   73
  29  392  289   49   73
  30  392  290   51   72
  31  397  289   49   71
  32  405  286   49   77
  33  403  284   48   77
  34  409  289   49   74
  35  409  291   57   74
  36  411  289   52   75
  37  421  291   53   72
  38  424  289   53   76
  39  427  289   53   76
  40  431  286   55   74
  41  430  288   58   76
  42  430  285   64   80
  43  436  281   64   84
  44  446  287   53   77
  45  450  289   56   76
  46  454  289   54   75
  47  463  289   50   74
  48  458  290   60   74
  49  470  285   52   75
  50  468  287   61   75
  51  473  283   58   77
  52  477  285   57   76
  53  479  282   64   80
  54  490  291   52   74
  55  493  288   53   74
  56  500  285   50   75
  57  500  285   50   79
  58  511  284   49   76
  59  512  283   54   78
  60  510  281   58   81
  61  524  284   50   77
  62  521  283   58   82
  63  529  288   56   74
  64  523  286   60   77
  65  539  286   52   78
