   1  354  118  172  309  189  150  135  267
   2  345  127  165  290  174  153  143  260
   3  348  121  181  294  187  150  137  255
   4  358  115  175  302  198  145  149  260
   5  375  120  178  293  199  135  173  272
   6  381  108  177  294  216  130  168  272
   7  373  118  178  284  199  136  170  273
   8  364  115  174  288  205  141  155  270
   9  370  123  142  287  196  144  146  270
  10  370  126  129  282  189  150  150  264
  11  361  117  139  291  169  141  155  273
  12  346  120  162  293  166  141  171  272
  13  355  124  162  288  181  145  165  275
  14  357  123  172  284  190  139  164  284
  15  360  121  180  296  190  147  161  278
  16  375  124  162  294  204  151  146  272
  17  372  124  156  299  211  153  134  272
  18  369  129  142  290  208  151  141  269
  19  375  132  150  284  207  139  147  279
  20  372  127  144  290  193  145  176  275
  21  375  127  157  291  189  141  194  284
  22  364  129  184  282  192  144  177  288
  23  348  121  201  293  184  150  167  281
  24  352  120  187  293  186  150  150  278
  25  345  117  183  290  177  144  168  278
  26  367  118  154  293  181  141  170  278
  27  363  124  153  275  195  139  162  276
  28  376  121  166  282  207  138  167  287
  29  379  115  162  293  205  141  179  287
  30  370  109  177  293  208  139  155  284
  31  373  112  175  297  204  142  147  282
  32  361  117  187  293  214  151  131  279
  33  367  120  168  303  210  144  146  285
  34  352  132  168  293  187  139  158  287
  35  364  130  145  299  190  139  173  285
  36  370  120  145  299  187  141  183  288
  37  378  115  153  299  187  136  183  296
  38  379  123  177  299  202  141  168  296
  39  375  118  196  305  210  144  150  296
  40  366  112  204  317  207  147  144  288
  41  376  123  187  306  205  147  155  285
  42  384  129  171  302  205  138  162  291
  43  382  130  169  303  220  147  161  288
  44  384  130  159  299  213  142  170  294
  45  388  126  158  298  207  154  161  294
  46  388  126  157  298  229  156  128  293
  47  400  129  156  297  225  160  143  312
  48  408  123  158  308  240  159  113  285
  49  409  129  162  311  247  151  134  297
  50  427  144  149  302  252  153  131  279
  51  439  144  137  302  258  156  131  300
  52  447  142  128  306  255  156  166  305
  53  448  141  138  306  262  163  144  300
  54  447  138  150  308  259  166  166  294
  55  460  130  161  309  271  166  145  294
  56  442  135  191  311  265  162  151  294
  57  451  129  168  333  262  151  159  305
  58  438  141  182  315  259  151  171  315
  59  445  141  131  321  265  150  163  323
  60  441  138  147  305  276  144  148  306
  61  442  138  150  306  282  154  133  306
  62  469  133  147  317  306  159  130  302
  63  483  127  171  312  324  157  123  296
  64  513  124  168  317  342  148  144  299
  65  519  121  164  320  339  138  172  311
