   1  454  160  197  305  193  174  168  294
   2  451  166  177  294  193  189  161  279
   3  450  157  161  296  184  187  141  285
   4  429  157  213  312  163  174  224  299
   5  426  159  225  300  178  183  204  293
   6  400  151  246  317  169  174  186  311
   7  409  147  215  317  165  184  168  291
   8  408  153  191  320  162  183  159  290
   9  402  166  183  303  138  180  176  293
  10  405  163  174  315  133  174  214  296
  11  391  162  186  311  133  174  214  296
  12  375  156  216  303  129  175  225  297
  13  378  145  241  320  132  171  198  297
  14  369  148  246  321  130  178  163  293
  15  364  153  226  305  124  184  138  294
  16  378  154  192  305  123  181  141  287
  17  372  162  174  303  105  169  168  290
  18  360  162  165  309   93  168  201  296
  19  340  156  195  308   88  162  220  303
  20  343  154  201  305   76  163  222  297
  21  322  156  235  311   85  172  184  300
  22  318  153  241  303   90  178  159  296
  23  318  150  234  312   82  180  168  288
  24  325  157  198  315   78  172  177  297
  25  331  160  174  314   72  168  213  305
  26  334  165  177  303   79  160  217  303
  27  333  151  187  323   82  171  222  296
  28  325  153  208  317   85  180  175  297
  29  340  157  225  311   85  180  175  297
  30  348  148  241  314   97  175  168  290
  31  339  145  247  324  109  177  162  294
  32  354  153  211  312   99  175  196  293
  33  363  160  183  309   99  172  207  291
  34  354  159  171  309   84  169  237  285
  35  339  150  195  318  100  166  207  299
  36  351  157  211  312   99  172  151  296
  37  333  144  240  323   91  178  153  297
  38  333  142  246  318   87  174  178  297
  39  327  154  255  308   91  174  180  285
  40  333  150  231  312   94  174  189  288
  41  345  151  202  327  100  163  198  303
  42  354  154  195  315  105  165  189  305
  43  358  156  181  314  114  172  166  296
  44  367  153  187  314  126  184  154  291
  45  388  151  192  315  120  177  165  296
  46  381  150  225  306  124  177  180  296
  47  357  153  249  315  124  177  202  293
  48  372  148  222  317  120  169  222  288
  49  364  151  172  320  114  172  219  293
  50  369  159  168  311  111  175  204  299
  51  360  159  156  312  108  177  169  300
  52  351  159  193  311  100  177  193  296
  53  337  156  222  318   85  172  186  303
  54  330  153  243  315   81  168  204  308
  55  339  156  241  314   91  171  211  303
  56  342  159  234  318   82  168  220  309
  57  334  154  211  311   88  172  207  300
  58  333  165  180  309   99  178  168  293
  59  343  160  183  320  102  184  162  296
  60  325  163  202  309   96  175  162  302
  61  316  160  216  320   75  174  199  303
  62  316  159  232  306   67  175  225  303
  63  309  159  252  311   82  171  217  300
  64  295  151  261  326   52  172  235  305
  65  309  159  213  312   57  175  207  299
