   1  306   79  357  494
   2  312   72  369  501
   3  339   73  360  503
   4  322   63  378  510
   5  333   64  303  504
   6  337   51  261  522
   7  319   58  297  510
   8  294   61  351  510
   9  279   39  336  531
  10  246   49  390  495
  11  214   42  417  525
  12  240   55  375  518
  13  282   60  283  510
  14  306   78  247  497
  15  285   78  274  494
  16  253   75  319  497
  17  247   75  370  497
  18  240   70  391  498
  19  231   72  396  501
  20  255   75  324  497
  21  268   88  286  485
  22  267   97  295  474
  23  265  100  301  470
  24  249   78  333  494
  25  261   91  366  480
  26  262   76  390  494
  27  249   84  385  486
  28  267   87  316  483
  29  268   85  267  486
  30  267   85  243  488
  31  274   76  292  494
  32  259   64  346  509
  33  277   61  382  507
  34  277   63  393  507
  35  276   67  376  501
  36  291   64  306  507
  37  295   82  237  485
  38  264   79  265  491
  39  229   70  318  501
  40  232   81  367  491
  41  240   70  397  498
  42  223   70  400  494
  43  252   61  354  482
  44  270   57  261  513
  45  247   67  267  507
  46  244   78  204  492
  47  259   78  225  486
  48  226   67  271  504
  49  228   67  279  504
  50  237   63  292  492
  51  246   69  310  492
  52  267   75  268  494
  53  255   81  247  492
  54  223   81  273  491
  55  226   70  294  504
  56  201   78  360  494
  57  174   75  432  495
  58  187   70  402  503
  59  190   73  358  498
  60  216   85  295  486
  61  226   85  231  489
  62  189   88  288  483
  63  192   81  336  488
  64  201   66  387  507
  65  199   79  418  489
