   1  340  187  196  288
   2  328  184  202  299
   3  342  192  172  288
   4  322  186  187  299
   5  325  195  154  287
   6  319  193  168  288
   7  316  193  157  290
   8  303  198  159  288
   9  291  187  172  290
  10  295  195  178  285
  11  291  199  169  288
  12  297  196  147  299
  13  297  196  147  299
  14  298  195  151  288
  15  304  186  159  294
  16  295  184  199  282
  17  280  177  193  287
  18  276  174  198  296
  19  273  178  204  297
  20  292  171  172  309
  21  285  177  165  302
  22  282  178  175  305
  23  274  171  166  306
  24  273  171  181  299
  25  292  160  178  302
  26  300  163  183  302
  27  307  166  186  309
  28  316  168  160  288
  29  334  168  148  308
  30  331  177  162  299
  31  324  177  154  291
  32  318  160  180  303
  33  319  154  195  293
  34  315  142  193  303
  35  312  139  183  311
  36  319  142  154  320
  37  309  147  144  315
  38  312  142  136  311
  39  321  129  168  321
  40  309  130  165  323
  41  325  130  166  317
  42  346  127  139  344
  43  327  138  144  324
  44  328  148  142  317
  45  318  153  144  333
  46  319  157  127  317
  47  318  150  142  312
  48  330  148  144  309
  49  322  147  174  315
  50  297  147  202  318
  51  315  144  184  323
  52  318  147  166  324
  53  297  153  159  323
  54  294  154  189  318
  55  297  144  178  320
  56  301  141  163  327
  57  286  147  190  315
  58  280  141  195  341
  59  286  147  208  336
  60  286  157  184  332
  61  286  150  160  339
  62  286  157  153  338
  63  273  165  184  320
  64  274  150  192  332
  65  274  147  213  332
