   1  361  157  208  396
   2  382  163  183  390
   3  367  163  213  390
   4  360  163  237  383
   5  361  148  250  392
   6  372  148  250  377
   7  382  136  226  378
   8  352  141  229  381
   9  337  153  198  372
  10  328  141  220  386
  11  337  145  247  378
  12  339  136  244  378
  13  354  130  226  390
  14  382  127  219  375
  15  399  124  213  372
  16  390  127  207  369
  17  402  120  195  374
  18  409  126  191  369
  19  385  120  199  378
  20  378  123  217  377
  21  378  111  214  389
  22  378   97  238  365
  23  393  108  219  363
  24  388  111  223  371
  25  411  123  195  357
  26  390  111  225  377
  27  406  118  207  369
  28  390  126  219  362
  29  372  115  205  371
  30  387  124  217  350
  31  370  126  213  351
  32  360  129  189  362
  33  345  136  189  357
  34  339  144  193  350
  35  331  142  222  357
  36  319  135  189  365
  37  313  138  220  359
  38  291  142  219  332
  39  270  142  201  344
  40  252  144  201  353
  41  258  150  186  344
  42  255  153  151  339
  43  228  132  189  357
  44  235  142  196  356
  45  234  141  211  350
  46  240  157  196  330
  47  238  156  195  333
  48  253  157  181  338
  49  273  168  186  333
  50  280  171  184  329
  51  289  166  184  342
  52  318  160  184  338
  53  318  159  207  320
  54  318  159  201  317
  55  313  159  172  326
  56  313  165  187  324
  57  297  165  189  329
  58  315  174  183  318
  59  331  166  174  327
  60  322  160  234  324
  61  324  157  211  318
  62  336  159  202  311
  63  346  159  192  318
  64  361  165  165  314
  65  370  175  165  311
