   1  423  301   80  137
   2  414  294   86  137
   3  421  301   80  126
   4  424  300   83  120
   5  426  301   83  123
   6  427  295   83  140
   7  432  301   69  125
   8  427  300   95  132
   9  427  303  101  126
  10  438  301   80  134
  11  436  298   95  131
  12  450  304   75  126
  13  453  306   87  120
  14  465  306   75  120
  15  459  298   78  129
  16  465  300   84  128
  17  466  300   72  131
  18  472  303   75  128
  19  463  303   86  129
  20  463  303   87  128
  21  477  310   77  123
  22  468  301   72  129
  23  477  306   84  123
  24  472  300   90  125
  25  483  304   69  129
  26  472  300   84  135
  27  469  292   93  147
  28  478  303   74  134
  29  466  298   84  135
  30  475  304   66  131
  31  468  300   77  132
  32  466  306   77  126
  33  466  303   81  134
  34  463  300   75  137
  35  453  303   89  134
  36  454  301   86  135
  37  453  307   83  131
  38  447  307   84  134
  39  442  315   81  120
  40  427  307   84  131
  41  424  309   89  134
  42  426  316   83  123
  43  405  316   95  132
  44  394  313   86  134
  45  388  319   81  135
  46  385  330   79  131
  47  373  331   75  128
  48  358  330   85  134
  49  346  328   94  138
  50  334  330   94  144
  51  330  339   90  132
  52  313  337   94  144
  53  310  346   93  131
  54  300  354   77  134
  55  277  351   84  137
  56  271  355   78  131
  57  264  355   90  137
  58  243  351  101  146
  59  234  357   96  134
  60  223  366   89  131
  61  219  373   75  128
  62  207  375   81  128
  63  198  373   81  128
  64  178  373   89  126
  65  180  370   84  129
