   1  385   23  204  361
   2  369   28  226  346
   3  359   23  249  356
   4  362   29  254  347
   5  349   27  268  355
   6  363   35  238  328
   7  375   39  193  339
   8  376   38  213  336
   9  374   44  220  321
  10  366   37  229  315
  11  364   29  189  302
  12  373   34  173  297
  13  376   32  173  306
  14  363   36  164  281
  15  354   36  208  286
  16  361   38  207  280
  17  363   36  211  307
  18  374   38  183  323
  19  373   38  185  319
  20  369   45  171  306
  21  366   43  195  286
  22  366   49  218  270
  23  362   38  246  303
  24  367   42  222  296
  25  369   40  220  301
  26  369   42  213  292
  27  347   38  204  298
  28  347   33  256  304
  29  361   38  257  288
  30  353   35  237  313
  31  360   34  198  325
  32  344   38  207  316
  33  351   42  206  308
  34  332   39  260  304
  35  324   37  267  301
  36  332   37  246  317
  37  338   36  208  322
  38  350   44  190  309
  39  318   36  258  314
  40  348   57  203  278
  41  355   37  202  301
  42  374   32  154  315
  43  381   39  179  318
  44  380   42  195  313
  45  379   41  208  311
  46  364   41  236  297
  47  351   36  244  297
  48  349   34  222  313
  49  353   35  195  315
  50  342   41  187  316
  51  330   40  229  310
  52  330   35  253  311
  53  324   38  255  304
  54  352   35  208  317
  55  347   43  193  311
  56  355   38  212  311
  57  345   40  256  309
  58  352   41  265  290
  59  341   38  266  316
  60  364   47  203  316
  61  377   40  203  323
  62  366   47  214  317
  63  367   44  252  305
  64  353   34  275  302
  65  361   39  249  314
