   1  221   59  112  305
   2  221   65  110  300
   3  207   69  127  305
   4  220   76  110  296
   5  212   75  109  289
   6  212   76  114  287
   7  211   77  107  276
   8  209   71  121  277
   9  219   70  112  277
  10  209   67  120  286
  11  219   73  110  288
  12  210   77  116  275
  13  218   78  110  274
  14  211   78  112  266
  15  227   79   97  261
  16  219   74   99  262
  17  218   76  100  263
  18  221   77   88  267
  19  212   86   99  261
  20  209   85  107  260
  21  199   87  112  253
  22  202   83  109  250
  23  199   82  110  254
  24  203   76  109  261
  25  204   81  107  249
  26  209   83   98  262
  27  207   85  101  254
  28  200   88  102  248
  29  206   93   97  238
  30  206   93   97  238
  31  208   80  106  247
  32  202   81   93  245
  33  201   79   96  253
  34  202   81  104  258
  35  202   87   90  254
  36  201   91   93  246
  37  199   94   99  237
  38  200   89   94  238
  39  200   85   99  241
  40  191   84  114  248
  41  195   82  106  260
  42  195   96  101  244
  43  193   96   96  241
  44  200  100  106  237
  45  195   98  104  236
  46  194   96  117  234
  47  191   93  110  243
  48  182   94  127  244
  49  177   95   99  248
  50  166   98  109  256
  51  166   98  109  256
  52  151  107  126  238
  53  132   96  125  244
  54  129   99  123  245
  55  129   99  115  251
  56  125   91  123  267
  57  122   95  125  270
  58  114  102  113  262
  59  115  101  107  258
  60  121   99  110  255
  61  113   95  112  255
  62  102   90  118  260
  63   97   84  126  276
  64  100   88  132  283
  65   95   91  130  289
