   1  613  148   52   79
   2  611  143   53   95
   3  604  136   65   88
   4  613  133   56  107
   5  614  150   64   94
   6  616  146   52   98
   7  607  148   67   97
   8  622  163   64  107
   9  632  168   48   99
  10  621  166   48   87
  11  621  163   57   89
  12  611  159   52   87
  13  605  164   60   89
  14  609  151   53   91
  15  608  153   63   86
  16  628  159   60   87
  17  614  151   48   73
  18  618  155   58   78
  19  614  155   59   86
  20  622  161   52   83
  21  620  169   42   63
  22  610  166   54   85
  23  614  152   42   80
  24  607  162   65   80
  25  633  174   43   80
  26  619  163   53   82
  27  621  164   56   86
  28  630  165   56   82
  29  624  174   46   57
  30  623  167   35   60
  31  671  149   46  180
  32  649  160   68  204
  33  628  158   91  222
  34  611  157  106  239
  35  611  147  106  247
  36  595  150  122  247
  37  592  159  123  241
  38  572  158  129  241
  39  571  162  120  239
  40  542  166  133  234
  41  524  159  146  241
  42  515  157  129  244
  43  502  160  122  240
  44  482  160  134  240
  45  459  160  152  241
  46  453  160  142  240
  47  436  165  148  235
  48  429  168  133  233
  49  407  166  135  232
  50  395  164  133  235
  51  382  161  141  239
  52  363  155  148  243
  53  356  158  153  242
  54  352  159  135  240
  55  338  161  133  237
  56  325  165  140  233
  57  325  167  118  228
  58  308  166  130  230
  59  300  162  134  233
  60  287  165  135  231
  61  269  164  136  232
  62  256  163  143  232
  63  242  164  154  231
  64  231  170  158  223
  65  215  166  151  229
