   1  378  130  222  336
   2  358  124  225  353
   3  351  121  247  357
   4  337  115  271  360
   5  328  109  280  369
   6  334  121  262  356
   7  315  126  261  360
   8  321  136  229  348
   9  310  132  273  348
  10  309  133  253  348
  11  298  133  277  357
  12  291  129  280  362
  13  304  130  253  360
  14  306  136  234  365
  15  310  136  232  366
  16  303  135  243  362
  17  307  129  277  377
  18  306  127  289  372
  19  318  126  264  372
  20  301  136  277  362
  21  285  127  273  383
  22  267  121  270  372
  23  279  133  283  354
  24  277  124  285  377
  25  274  123  292  372
  26  283  130  267  366
  27  297  135  264  369
  28  291  124  244  377
  29  295  123  225  378
  30  276  108  265  387
  31  274  109  273  386
  32  270  105  304  392
  33  270  112  294  395
  34  288  123  268  386
  35  303  129  235  381
  36  297  138  240  371
  37  297  121  261  386
  38  300  112  271  398
  39  300  124  283  386
  40  298  123  316  401
  41  306  136  253  390
  42  319  130  223  395
  43  295  129  276  396
  44  298  118  277  408
  45  301  118  301  402
  46  310  130  315  398
  47  312  129  309  404
  48  310  135  309  401
  49  330  141  250  393
  50  334  144  234  395
  51  331  127  253  404
  52  324  120  258  410
  53  310   99  276  423
  54  306   97  288  410
  55  303   94  303  423
  56  300   96  301  420
  57  327   99  240  422
  58  328  108  217  390
  59  321   81  231  417
  60  333   76  231  420
  61  331   61  249  426
  62  340   67  258  423
  63  310   67  279  419
  64  321   76  270  414
  65  324   84  250  407
