   1   64   70  199  240
   2   69   67  198  248
   3   46   52  213  263
   4   43   45  207  263
   5   48   36  174  257
   6   45   33  180  246
   7   36   31  169  246
   8   37   28  136  251
   9   22   27  166  260
  10   22   22  160  266
  11   25   21  181  255
  12   28   21  178  275
  13   39   33  180  254
  14   46   34  192  264
  15   58   66  174  263
  16   78   93  157  245
  17   93  103  177  254
  18  100  117  169  254
  19  108  120  168  270
  20  126  150  165  254
  21  135  160  168  260
  22  142  175  171  258
  23  138  181  168  252
  24  150  184  159  255
  25  150  189  162  255
  26  153  199  162  248
  27  159  195  144  252
  28  156  190  147  263
  29  156  192  150  263
  30  157  192  165  261
  31  145  186  188  270
  32  156  190  177  269
  33  171  186  155  278
  34  171  178  171  288
  35  178  186  162  275
  36  189  187  150  285
  37  189  198  155  269
  38  189  187  153  282
  39  181  193  182  282
  40  174  198  177  282
  41  172  195  174  290
  42  174  196  191  290
  43  180  190  182  300
  44  187  189  182  300
  45  180  187  209  308
  46  208  195  167  305
  47  190  181  189  318
  48  190  183  194  315
  49  214  181  165  321
  50  208  175  168  330
  51  201  178  199  339
  52  217  184  190  338
  53  205  180  196  348
  54  201  187  201  347
  55  202  198  210  341
  56  202  195  202  351
  57  199  193  199  357
  58  196  190  219  359
  59  196  199  214  351
  60  190  181  214  368
  61  193  177  177  371
  62  199  171  204  378
  63  198  166  191  375
  64  198  159  204  387
  65  201  157  198  383
