   1    4    8  157  371
   2    9   12  165  373
   3    8   14  187  372
   4   12   16  166  373
   5   12   17  180  376
   6   11   17  194  377
   7   18   20  188  373
   8   22   23  192  373
   9   18   19  198  375
  10   19   26  193  371
  11   19   26  193  371
  12   13   23  191  376
  13   12   37  214  361
  14   20   37  177  363
  15   34   38  200  359
  16   53   38  184  358
  17   71   38  178  358
  18   81   25  179  369
  19   81   21  173  376
  20   74   13  183  371
  21   90   10  167  374
  22   71    6  181  379
  23   65    7  191  363
  24   57    4  210  371
  25   52    4  204  374
  26   35    4  227  366
  27   25    3  248  367
  28   27    6  232  368
  29   27    8  236  372
  30   41   30  227  353
  31   35   23  227  367
  32   54   33  210  362
  33   64   38  202  359
  34   76   40  198  361
  35   91   48  173  353
  36  110   53  156  349
  37  116   48  143  353
  38  123   52  145  351
  39  136   49  157  352
  40  140   54  155  348
  41  136   54  159  345
  42  137   51  173  351
  43  140   53  171  349
  44  136   51  172  351
  45  153   49  184  352
  46  162   53  185  348
  47  117   53  208  347
  48  105   48  231  352
  49  116   56  232  346
  50   99   55  236  344
  51   97   53  233  347
  52   93   54  242  343
  53   83   49  253  352
  54   94   54  232  346
  55   95   58  222  339
  56  101   60  222  340
  57  112   56  216  346
  58  124   63  223  338
  59  131   53  191  347
  60  147   61  198  339
  61  153   53  198  348
  62  164   56  189  337
  63  183   49  181  351
  64  181   43  178  357
  65  183   35  174  363
