   1  138  102   77  221
   2  139   97   77  229
   3  129   95   90  230
   4  128   93   91  234
   5  125   92   98  234
   6  126   97   96  226
   7  124   94  100  229
   8  118   88  110  239
   9  107   87  115  240
  10  108   88  115  237
  11  103   85  119  239
  12  105   87  114  240
  13  116   81  107  246
  14  112   79  113  248
  15  113   81  105  252
  16  130   78   86  246
  17  117   80  103  246
  18  120   78  100  245
  19  117   76   97  248
  20  118   79  105  243
  21  117   67  108  258
  22  114   65  107  260
  23  116   66  108  253
  24  112   66  113  251
  25  111   57  115  269
  26  112   66  115  253
  27  113   65  114  253
  28  114   69  112  251
  29  116   72  109  249
  30  114   67  108  256
  31  107   72  113  252
  32  101   78  113  245
  33   91   69  124  258
  34   95   81  118  247
  35   94   79  118  250
  36   88   80  128  253
  37   83   77  130  254
  38   76   80  138  252
  39   73   83  141  250
  40   75   83  143  246
  41   79   85  138  248
  42   88   84  127  243
  43   80   79  138  262
  44   76   80  133  253
  45   84   74  130  261
  46   84   71  136  268
  47   98   79  117  260
  48   92   75  120  262
  49  104   72  116  264
  50  106   75  117  269
  51  110   71  117  263
  52  110   64  118  273
  53  109   62  118  272
  54  118   65  106  271
  55  119   67  106  272
  56  122   65  105  274
  57  126   65  102  273
  58  125   64  110  275
  59  124   59  110  285
  60  123   68  116  272
  61  120   63  119  278
  62  123   66  120  270
  63  123   66  119  275
  64  124   73  121  266
  65  125   68  121  270
  66  127   73  116  273
  67  132   67  120  281
  68  134   74  121  269
  69  135   72  115  267
  70  123   72  132  275
