   1  143   90   85  207
   2  140   84   87  209
   3  147   84   71  209
   4  151   82   68  214
   5  154   83   66  215
   6  147   73   72  219
   7  154   72   59  225
   8  152   72   68  231
   9  149   73   71  230
  10  146   75   79  217
  11  159   69   71  231
  12  157   65   70  240
  13  167   78   64  225
  14  160   69   77  231
  15  157   73   79  230
  16  157   70   80  239
  17  169   72   65  232
  18  163   70   73  239
  19  157   77   78  228
  20  170   81   68  226
  21  162   82   77  221
  22  158   79   83  231
  23  158   83   82  223
  24  159   84   80  225
  25  163   80   76  233
  26  160   80   85  229
  27  158   79   88  231
  28  158   82   91  239
  29  156   73   93  241
  30  154   65   96  250
  31  158   71   91  244
  32  153   72   98  246
  33  154   66   98  252
  34  165   70   87  250
  35  158   70   93  245
  36  158   72   91  245
  37  159   75   93  243
  38  159   79   94  239
  39  153   86  100  231
  40  157   87   98  232
  41  150   72  111  245
  42  155   82  101  237
  43  153   78  105  246
  44  150   70  106  252
  45  146   76  103  245
  46  135   68  106  252
  47  138   61   96  265
  48  133   63   97  257
  49  137   59   99  266
  50  128   55  108  267
  51  137   54   99  268
  52  127   60  106  265
  53  128   50  105  273
  54  122   51  103  271
  55  128   55   98  269
  56  116   60  106  266
  57  121   52   96  272
  58  124   54   86  274
  59  124   57   87  270
  60  110   49  105  280
  61  114   49   94  278
  62  107   54  114  272
  63  105   52  128  273
  64   97   41  145  283
  65   97   48  155  280
  66   75   52  176  276
  67   76   54  172  272
  68   90   50  146  278
  69   73   49  169  281
  70   75   47  162  286
