   1  176    2  130  213
   2  168    2  136  212
   3  173    2  130  215
   4  184    1  114  216
   5  184    1  116  213
   6  171    2  128  215
   7  172    1  127  212
   8  168    1  137  216
   9  166    3  133  210
  10  166    4  136  210
  11  170    5  128  208
  12  158    4  141  219
  13  158    4  141  214
  14  155    3  143  216
  15  157    4  140  221
  16  154    7  142  216
  17  158    5  136  216
  18  155    6  141  216
  19  159    5  137  221
  20  169    4  128  224
  21  173    5  119  220
  22  175    3  120  225
  23  169    5  125  218
  24  164    3  128  224
  25  161    2  137  223
  26  164    2  133  222
  27  165    2  130  225
  28  160    2  136  225
  29  154    3  139  224
  30  158    2  133  225
  31  151    3  141  227
  32  147    4  146  226
  33  146    2  152  225
  34  142    3  152  225
  35  135    1  160  235
  36  136    3  158  230
  37  138    2  160  226
  38  143    2  148  241
  39  141    2  151  233
  40  147    1  141  238
  41  151    2  144  233
  42  159    5  136  231
  43  160    2  136  234
  44  166    3  134  238
  45  172    2  136  231
  46  182    3  127  231
  47  192    2  125  239
  48  195    2  129  239
  49  197    3  126  233
  50  198    2  126  234
  51  199    2  135  237
  52  202    2  135  242
  53  210    6  125  232
  54  203    4  132  233
  55  201    4  135  238
  56  205    6  131  233
  57  199    2  140  239
  58  194    1  152  240
  59  190    3  148  240
  60  182    1  159  241
  61  175    4  164  240
  62  165    2  176  245
  63  155    2  185  244
  64  147    2  192  244
  65  135    1  202  246
  66  120    2  216  246
  67  122    3  211  247
  68  122    4  210  246
  69  128    2  203  248
  70  156    7  172  247
