   1  240  215   39   89
   2  237  218   44   85
   3  239  217   41   88
   4  238  216   41   88
   5  241  215   36   88
   6  242  211   36   90
   7  241  211   40   93
   8  235  214   45   92
   9  230  211   52   94
  10  239  208   40   98
  11  233  211   48   95
  12  239  205   40  102
  13  238  209   40   98
  14  238  208   39   97
  15  237  205   43  103
  16  231  203   48  105
  17  233  205   48  103
  18  233  202   48  108
  19  235  201   43  106
  20  233  204   47  106
  21  229  200   54  108
  22  230  200   52  106
  23  225  201   53  105
  24  233  200   51  109
  25  232  203   52  108
  26  226  197   57  113
  27  231  202   52  106
  28  231  200   44  112
  29  226  199   53  112
  30  229  202   47  107
  31  225  200   51  110
  32  225  199   57  115
  33  226  198   53  113
  34  229  196   51  120
  35  224  196   57  117
  36  222  199   55  116
  37  216  191   69  129
  38  222  196   61  119
  39  220  196   55  122
  40  222  194   57  121
  41  221  192   57  125
  42  218  189   61  129
  43  222  193   58  122
  44  216  190   61  130
  45  215  190   62  128
  46  217  191   57  128
  47  214  190   63  127
  48  219  194   57  125
  49  213  190   63  132
  50  217  189   60  134
  51  211  189   62  132
  52  213  190   63  132
  53  211  189   60  131
  54  214  189   64  135
  55  211  186   62  141
  56  209  193   68  136
  57  202  189   74  135
  58  210  192   63  132
  59  206  190   68  136
  60  204  194   68  134
  61  201  197   72  134
  62  199  190   75  136
  63  200  193   72  132
  64  198  198   78  132
  65  199  198   77  130
  66  200  197   75  132
  67  194  196   78  133
  68  193  196   78  129
  69  197  198   73  126
  70  192  200   80  127
