   1   84  103   64  160
   2   80  104   68  163
   3   70   98   72  167
   4   72  101   60  165
   5   67   97   70  167
   6   63   97   65  172
   7   57   94   73  174
   8   48   96   76  175
   9   42   96   80  175
  10   43   97   79  175
  11   35   94   86  181
  12   37   92   85  184
  13   40   98   81  178
  14   46   91   73  180
  15   45   89   81  186
  16   47   90   76  186
  17   41   89   84  191
  18   50   89   78  191
  19   50   91   78  186
  20   51   85   78  193
  21   57   85   79  189
  22   56   87   80  191
  23   44   84   96  196
  24   53   90   92  188
  25   62   88   89  192
  26   60   87   98  197
  27   59   87  103  198
  28   64   89   86  196
  29   53   80   99  202
  30   62   85   84  205
  31   62   84   88  202
  32   62   84   79  202
  33   63   88   81  198
  34   60   92   80  198
  35   57   86   82  208
  36   46   85   95  205
  37   52   91   89  201
  38   40   83  100  206
  39   28   73  113  219
  40   37   85  107  213
  41   36   82  113  213
  42   36   84  112  215
  43   34   90  119  210
  44   33   74  123  232
  45   42   84  113  217
  46   43   79  114  225
  47   45   78  114  230
  48   54   77  113  230
  49   58   81  109  227
  50   49   80  121  231
  51   65   81  105  228
  52   78   82   99  232
  53   81   80  104  230
  54   89   85  100  226
  55   92   74  103  239
  56   93   75  108  238
  57   97   72  113  242
  58  100   72  112  240
  59  109   73  110  242
  60  111   71  111  248
  61  115   72  112  246
  62  120   66  110  254
  63  115   66  124  257
  64  119   64  123  261
  65  115   57  132  269
  66  135   61  116  272
  67  128   55  137  274
  68  136   59  128  272
  69  141   56  134  283
  70  139   46  139  294
