   1   74  107   52  149
   2   69  104   56  156
   3   69  103   55  157
   4   68  101   53  157
   5   68  103   51  157
   6   64  109   53  152
   7   63  109   49  151
   8   57  110   65  152
   9   57  107   61  156
  10   61  105   53  158
  11   62  105   50  158
  12   59  102   55  162
  13   57  103   52  162
  14   57   97   56  167
  15   54   99   60  169
  16   55   98   55  168
  17   58   97   49  170
  18   52   93   56  173
  19   50   96   59  172
  20   52   91   57  180
  21   51   91   53  179
  22   49   89   56  182
  23   54   95   49  181
  24   45   87   62  183
  25   43   89   62  190
  26   42   85   65  193
  27   35   87   68  185
  28   46   81   54  199
  29   41   84   60  191
  30   45   82   58  197
  31   39   85   66  192
  32   35   87   75  187
  33   35   79   71  206
  34   72  215   71  203
  35   38   82   72  200
  36   34   79   76  202
  37   36   78   76  202
  38   33   78   81  207
  39   38   78   77  204
  40   33   72   84  213
  41   37   74   81  211
  42   35   75   86  213
  43   32   77   89  208
  44   37   69   84  220
  45   42   69   82  221
  46   45   67   81  224
  47   45   65   81  225
  48   47   68   80  225
  49   45   68   84  225
  50   45   64   87  230
  51   58   61   77  237
  52   55   59   85  236
  53   52   61   89  238
  54   57   64   86  235
  55   59   58   90  243
  56   63   54   88  245
  57   59   51   96  250
  58   65   55   96  246
  59   68   51   96  250
  60   71   53   96  248
  61   72   49   98  252
  62   83   49   92  257
  63   95   45   86  263
  64   95   47   93  261
  65   97   48   97  262
  66  102   47   98  266
  67  101   43  105  267
  68  115   44   94  267
  69  113   45   95  266
  70  123   48   90  262
