   1  296   37  120  296
   2  287   44  122  290
   3  276   53  132  275
   4  278   51  122  280
   5  272   59  124  270
   6  260   55  133  268
   7  255   51  121  268
   8  243   55  109  263
   9  237   54  104  260
  10  235   52   97  259
  11  223   45   97  265
  12  206   49  101  252
  13  208   41  101  262
  14  202   43  101  254
  15  189   45  109  248
  16  183   39  115  258
  17  186   40  114  260
  18  171   41  125  247
  19  179   48  111  242
  20  174   42  115  245
  21  163   53  121  233
  22  162   64  108  222
  23  165   68  102  217
  24  160   68   92  218
  25  157   77   88  206
  26  159   76   85  208
  27  157   76   83  202
  28  146   77   87  198
  29  147   73   80  198
  30  140   71   88  201
  31  141   75   80  194
  32  138   72   76  198
  33  141   71   72  193
  34  135   70   82  196
  35  138   70   74  193
  36  128   63   81  200
  37  131   67   76  193
  38  130   70   69  191
  39  124   69   78  190
  40  122   70   84  188
  41  118   74   84  186
  42  120   74   82  183
  43  121   73   79  184
  44  124   70   75  188
  45  119   73   78  180
  46  120   74   75  181
  47  121   77   70  173
  48  122   79   67  172
  49  121   79   72  170
  50  118   79   72  171
  51  116   75   68  173
  52  120   81   65  165
  53  116   84   64  161
  54  114   79   67  170
  55  117   85   65  158
  56  115   92   68  152
  57  122   93   63  153
  58  119   98   64  144
  59  115   99   65  142
  60  116   95   65  147
  61  115  102   60  138
  62  120   99   53  143
  63  114   99   56  142
  64  113   95   60  139
  65  117   96   52  139
  66  114   95   49  144
  67  112   99   51  131
  68  109   98   54  135
  69  107   91   59  137
  70  108   96   55  136
