   1   81    6  136  353
   2   80    4  142  355
   3   75    5  151  352
   4   80    6  142  353
   5   79    2  146  357
   6   84    2  153  356
   7   94    2  135  356
   8   97    2  128  357
   9   92    3  134  356
  10  114    6  116  352
  11  111    2  117  357
  12  118    8  117  350
  13  126   11  117  345
  14  135   19  110  333
  15  140   21  107  328
  16  148   18   98  330
  17  154   20  102  331
  18  158   23  110  326
  19  162   19  112  331
  20  174   28  100  315
  21  175   25  110  319
  22  178   30  115  316
  23  175   29  138  311
  24  178   26  144  318
  25  186   31  148  312
  26  186   30  143  316
  27  185   29  142  319
  28  195   27  132  322
  29  200   22  121  325
  30  200   16  120  334
  31  204   17  115  332
  32  205   22  115  329
  33  208   15  105  333
  34  213   14  102  336
  35  210   13  103  336
  36  219   13   96  335
  37  215    8  103  341
  38  220   10   96  337
  39  219    8  109  339
  40  216   12  105  334
  41  209   10  112  340
  42  214    7  112  344
  43  211   13  108  338
  44  213   15  108  339
  45  196   12  135  342
  46  197   12  136  345
  47  203   16  127  341
  48  198   14  136  342
  49  201   23  131  333
  50  198   27  145  328
  51  206   31  126  327
  52  212   41  130  315
  53  197   49  139  309
  54  195   51  134  307
  55  199   55  143  303
  56  191   44  133  315
  57  188   38  142  321
  58  189   47  134  313
  59  190   41  133  318
  60  190   37  130  322
  61  188   33  139  326
  62  185   30  138  329
  63  193   28  133  329
  64  197   31  130  328
  65  194   28  134  331
  66  193   29  133  330
  67  198   46  136  312
  68  198   53  131  306
  69  198   55  126  304
  70  190   54  131  304
