   1  167   24   99  246
   2  163   25   95  247
   3  159   36  104  239
   4  159   39  109  237
   5  161   45  112  234
   6  163   48  105  226
   7  170   54   94  220
   8  163   53  104  221
   9  162   57  102  213
  10  160   59  108  207
  11  158   64  110  200
  12  158   52  115  208
  13  163   52  103  209
  14  175   56   99  208
  15  184   47   92  215
  16  182   46  108  219
  17  183   51  103  213
  18  185   47  105  222
  19  180   39  108  232
  20  173   39  111  232
  21  176   30  109  239
  22  176   27   91  239
  23  169   22  103  230
  24  164    5  103  242
  25  157    2  110  236
  26  149    2  109  235
  27  142    2  107  235
  28  135    2  115  236
  29  136    5  121  236
  30  135    2  117  234
  31  133    3  107  231
  32  136    3  110  238
  33  137    2  122  240
  34  140    1  108  228
  35  138    2  102  224
  36  139    3  111  222
  37  139    2  108  222
  38  135    1  118  214
  39  137    2  106  218
  40  135    2  103  222
  41  130    2  111  237
  42  130    3  123  219
  43  133    2  117  224
  44  137    2  118  228
  45  137    1  110  226
  46  138    3  111  230
  47  137    2  103  233
  48  138    2  105  225
  49  133    2  111  225
  50  134    2  109  228
  51  136    1  113  231
  52  139    2  114  233
  53  147    2  104  230
  54  148    2  113  229
  55  160    2  106  226
  56  161    1  104  221
  57  166    2  101  213
  58  166    1  108  219
  59  169    2  102  214
  60  173    1   96  212
  61  173    2  104  214
  62  170    3  106  210
  63  172    2   96  214
  64  164    2  104  217
  65  169    2  104  210
  66  169    2   97  205
  67  168    1   99  205
  68  168    1   95  206
  69  169    1   89  202
  70  164    2   96  205
