   1  174  145   42  106
   2  174  145   40  105
   3  169  142   43  105
   4  167  141   46  107
   5  166  139   41  109
   6  160  135   47  107
   7  163  130   41  109
   8  163  123   44  110
   9  156  114   47  110
  10  162  107   44  111
  11  163  100   42  114
  12  163   98   42  114
  13  158   95   49  117
  14  155   98   52  117
  15  164  108   45  109
  16  170  107   51  118
  17  178  107   48  115
  18  183  110   45  111
  19  183  108   50  113
  20  188  108   51  109
  21  192  108   47  107
  22  190  109   55  107
  23  194  115   47   95
  24  200  120   46   94
  25  201  123   47   93
  26  210  131   39   90
  27  203  132   56   94
  28  219  138   38   96
  29  218  132   46  101
  30  223  134   44   99
  31  210  134   53  102
  32  207  132   42  101
  33  203  133   47  108
  34  194  131   50  105
  35  184  124   49  108
  36  178  116   48  110
  37  171  113   52  112
  38  169  109   51  113
  39  164  105   52  118
  40  162   99   58  120
  41  165   95   59  122
  42  165   93   53  122
  43  162   90   52  121
  44  158   87   55  121
  45  157   82   56  125
  46  147   75   57  124
  47  145   72   59  125
  48  138   66   59  129
  49  132   66   57  125
  50  130   63   57  132
  51  136   65   53  132
  52  130   72   62  132
  53  129   76   67  132
  54  126   80   62  132
  55  127   88   64  128
  56  124   83   61  136
  57  125   86   69  136
  58  128   83   62  137
  59  124   75   67  138
  60  122   70   62  140
  61  122   69   69  143
  62  120   71   61  143
  63  113   75   62  138
  64  110   76   59  144
  65  105   70   74  150
  66  108   73   60  147
  67  106   74   63  148
  68  109   73   65  149
  69  103   68   77  150
  70  114   67   66  148
