   1  110   40   58  138
   2  109   42   58  138
   3  104   40   65  145
   4  109   37   60  149
   5  109   43   59  148
   6  106   51   56  136
   7  101   55   66  136
   8   96   59   69  131
   9   98   70   66  125
  10  102   69   59  125
  11  100   75   72  120
  12  105   85   68  114
  13  109   85   61  118
  14  117   88   61  113
  15  118   92   59  111
  16  122   88   65  120
  17  128   90   59  119
  18  130   90   64  126
  19  136   95   64  122
  20  131   91   57  128
  21  129   94   63  129
  22  129   88   60  133
  23  127   84   62  141
  24  127   89   66  132
  25  121   83   74  138
  26  127   85   60  142
  27  125   89   62  136
  28  123   89   68  133
  29  125   88   58  138
  30  120   92   63  132
  31  121   90   63  138
  32  114   89   67  135
  33  117   87   58  135
  34  120   84   61  138
  35  120   83   59  130
  36  120   79   62  131
  37  117   76   63  134
  38  120   68   61  135
  39  125   63   59  146
  40  125   71   64  134
  41  121   66   67  139
  42  124   68   66  136
  43  126   72   65  136
  44  124   71   62  135
  45  122   73   69  141
  46  125   82   59  133
  47  118   79   65  141
  48  118   78   62  140
  49  118   80   66  139
  50  113   77   70  139
  51  113   77   69  139
  52  113   70   73  139
  53  120   69   59  139
  54  123   70   63  137
  55  118   62   69  150
  56  119   69   68  140
  57  120   72   66  140
  58  118   79   65  143
  59  124   86   46  137
  60  105   78   67  149
  61  105   82   59  143
  62   97   77   62  144
  63   94   82   75  144
  64   93   85   69  141
  65   93   81   72  146
  66  100   78   68  153
  67   98   81   66  141
  68  101   64   70  149
  69   97   59   74  146
  70   94   54   68  139
