   1  258  117   48  123
   2  254  120   50  128
   3  247  125   45  119
   4  245  134   50  118
   5  245  141   55  117
   6  245  147   56  115
   7  245  147   53  118
   8  240  142   56  125
   9  243  143   66  126
  10  236  138   65  132
  11  243  129   72  141
  12  241  123   74  146
  13  237  125   64  140
  14  233  125   75  143
  15  236  117   70  146
  16  233  105   78  158
  17  235  109   71  153
  18  238  103   74  159
  19  235  104   85  163
  20  235   96   83  172
  21  236   96   77  172
  22  236   90   81  182
  23  230   92   90  179
  24  233   88   85  184
  25  235   91   87  182
  26  234   84   93  189
  27  235   83   94  193
  28  234   77   88  199
  29  244   89   80  192
  30  237   84   96  192
  31  237   86   90  198
  32  242   92   83  189
  33  242   88   85  199
  34  234   91   95  198
  35  239   98   91  192
  36  233   98   93  197
  37  231  109   95  184
  38  228  102   96  194
  39  226   93  103  206
  40  231  100   95  199
  41  239  107   83  193
  42  228   97  108  212
  43  231   98   95  206
  44  227  100  101  204
  45  224   95   99  216
  46  221   90  101  227
  47  214   78   99  234
  48  224   88   98  224
  49  221   79   98  238
  50  218   75   94  250
  51  221   79   91  248
  52  207   75  102  253
  53  208   77  106  249
  54  199   71  112  264
  55  200   73  104  263
  56  195   65  103  268
  57  197   67  104  274
  58  185   66  119  269
  59  175   68  117  274
  60  173   66  111  276
  61  168   75  115  270
  62  168   63  105  282
  63  164   66  100  279
  64  167   71   94  272
  65  170   65   92  282
  66  165   66   99  277
  67  167   65   96  278
  68  165   65   97  279
  69  165   66  105  273
  70  170   58   91  282
