   1  127   15  306  250
   2  137   11  302  253
   3  149   18  318  258
   4  176   26  302  242
   5  206   32  268  235
   6  223   29  242  238
   7  228   37  238  231
   8  225   39  227  229
   9  227   30  240  248
  10  222   18  248  259
  11  210   20  259  247
  12  208   21  251  243
  13  191   15  279  252
  14  202   10  271  257
  15  200   12  273  254
  16  200   15  276  246
  17  198   23  277  244
  18  206    7  268  251
  19  198   12  275  247
  20  192   18  274  234
  21  194   20  282  237
  22  203   10  270  248
  23  205   17  270  240
  24  194   22  278  229
  25  199   12  273  238
  26  208   22  269  243
  27  203   11  272  261
  28  214    8  216  279
  29  201   20  223  273
  30  156   25  259  251
  31   90   11  338  249
  32   66   10  354  255
  33   30   12  394  245
  34   36    8  398  254
  35   32    4  398  249
  36   37    2  394  255
  37   48    3  382  254
  38   45    5  384  251
  39   70    5  353  259
  40   76    4  341  246
  41   78    2  337  252
  42  105    8  307  245
  43   91   14  320  248
  44   81   16  337  247
  45   72   30  340  232
  46   78   38  332  220
  47   79   37  342  225
  48   84   34  366  224
  49  110   32  358  224
  50  137   35  336  223
