   1   64   39  369  229
   2   96   38  367  230
   3  119   57  353  213
   4  158   49  304  223
   5  195   45  275  227
   6  212   33  216  242
   7  186   35  253  237
   8  182   27  231  245
   9  183   22  225  249
  10  185    9  250  264
  11  186    1  282  273
  12  180    4  295  275
  13  176    6  293  274
  14  167    4  300  277
  15  164    4  311  288
  16  165    4  312  279
  17  158    4  318  273
  18  154    5  312  257
  19  146    4  291  245
  20  149    7  322  231
  21  132    9  336  256
  22  151    7  315  265
  23  148    2  326  265
  24  150    5  328  259
  25  153    4  324  274
  26  160    3  311  278
  27  160    1  235  286
  28  168    6  182  290
  29  150    3  206  288
  30  164    5  197  283
  31   67    3  284  278
  32   34    3  323  276
  33   20    2  343  283
  34   19    4  341  273
  35   20    3  340  274
  36   14    5  347  273
  37   17    3  334  280
  38   15    4  332  277
  39   13    3  335  282
  40    9    3  338  279
  41   12    6  337  282
  42   13   36  338  253
  43   19   42  333  247
  44   14   50  342  237
  45   10   55  339  229
  46    8   56  349  232
  47   16   61  380  223
  48   30   62  397  225
  49   58   62  396  225
  50   74   60  314  226
