   1    7   48  353  238
   2   12   50  350  240
   3    6   57  398  235
   4   30   63  409  221
   5   74   55  381  235
   6   79   61  377  230
   7   93   37  325  258
   8   68   26  313  273
   9   73    5  283  287
  10   60    7  262  288
  11   48    6  308  281
  12   62    5  317  286
  13   56    4  353  285
  14   51    3  387  287
  15   51    3  399  284
  16   36    2  423  279
  17   37    2  413  286
  18   35    4  368  290
  19   35    4  344  290
  20   27    3  304  293
  21   29    4  310  277
  22   27    3  362  280
  23   17    3  408  248
  24    8    9  445  255
  25    9    7  460  251
  26   16    4  454  253
  27   23    4  437  263
  28   24    3  393  281
  29   27    4  283  303
  30   41    5  196  341
  31   29    2  229  349
  32   22    3  239  307
  33   12    2  237  307
  34    7    4  247  294
  35    9    2  247  297
  36    9    2  253  293
  37    7    2  247  287
  38    6    2  252  289
  39    3    3  252  289
  40    6   11  247  277
  41    2   24  250  278
  42    3   31  247  267
  43    3   36  249  263
  44    4   45  253  252
  45    5   46  240  252
  46    5   50  241  251
  47    4   55  250  245
  48    5   61  291  234
  49   11   70  344  227
  50   10   76  372  228
