   1   11   10  355  300
   2   15    7  350  299
   3   55   13  299  294
   4   82   19  268  298
   5  132   20  205  293
   6  150   20  183  304
   7  136   25  194  302
   8  137   16  186  307
   9  135   29  205  296
  10  130   23  247  304
  11  124   19  279  306
  12  121    4  340  320
  13  119    8  347  314
  14  104    4  365  316
  15  103    2  366  314
  16   89    2  388  323
  17   90    4  388  319
  18   86    2  388  326
  19   93    4  386  329
  20   92    5  384  344
  21   97    7  376  332
  22  110    4  356  339
  23  119   11  309  342
  24  125   15  252  336
  25  139   14  184  338
  26  127   17  204  323
  27   82   25  256  303
  28   20   16  323  307
  29    9   21  344  301
  30    4   21  357  307
  31    5   20  364  293
  32    5   20  373  302
  33    7   24  369  285
  34    4   23  371  290
  35    6   24  361  292
  36   11   38  366  278
  37    7   30  359  287
  38   16   29  347  294
  39   35   42  319  278
  40   58   41  293  286
  41  110   41  238  289
  42  136   37  206  293
  43  145   46  186  282
  44  139   38  190  294
  45  124   45  224  292
  46  113   34  255  302
  47  112   36  290  298
  48  121   29  336  306
  49  106   26  367  309
  50  106   16  361  320
