   1    8   11  369  308
   2    6    9  367  310
   3   12   22  356  299
   4    9   14  359  313
   5   25   19  335  307
   6   44   18  313  303
   7  100   27  252  293
   8  127   24  216  289
   9  149   23  184  303
  10  137   30  195  298
  11  141   30  188  297
  12  125   28  213  300
  13  120   28  257  291
  14  116   14  284  311
  15  111   13  309  311
  16  113    7  366  311
  17  112    9  362  311
  18   91    8  386  311
  19   97    7  381  312
  20   89    5  388  314
  21   96    5  378  314
  22   90    5  382  312
  23   99    7  378  312
  24   87   13  380  314
  25  100   16  353  324
  26   86   29  357  301
  27  114   13  263  330
  28  135   19  197  310
  29  106   16  232  308
  30   47   22  295  297
  31   19   31  324  275
  32   18   35  338  269
  33   10   20  355  285
  34    4   22  366  285
  35    7   19  371  301
  36   12   24  373  299
  37    9   16  379  294
  38    9   22  376  305
  39    9   16  373  316
  40   12   12  368  306
  41   23   20  351  319
  42   35   14  331  320
  43   68   16  295  319
  44   97   22  253  304
  45  138   20  209  316
  46  150   33  187  296
  47  130   34  202  295
  48  131   28  216  301
  49  120   27  274  297
  50  122   24  302  293
