   1  272  173  209  139
   2  313  157  162  156
   3  323  160  149  143
   4  353  166   98  137
   5  349  163  123  138
   6  349  160  154  144
   7  331  146  200  152
   8  337  153  221  148
   9  330  151  237  150
  10  333  155  238  153
  11  341  161  202  139
  12  352  159  164  138
  13  356  164  107  140
  14  354  159  100  152
  15  329  145  140  159
  16  299  161  180  147
  17  253  152  239  163
  18  260  147  234  154
  19  233  150  258  164
  20  234  145  247  161
  21  202  175  283  152
  22  218  171  246  139
  23  239  146  214  167
  24  258  141  189  170
  25  309  128  142  178
  26  325   97  140  214
  27  326   91  148  207
  28  313   82  205  216
  29  314   97  234  194
  30  321  111  196  176
  31  315  111  188  176
  32  316  122  164  158
  33  312  134  215  157
  34  322  107  251  198
  35  331  115  252  191
  36  329  101  227  194
  37  341  110  153  191
  38  332  100  133  198
  39  327   92  145  199
  40  305   81  184  216
  41  264   93  237  224
  42  235  110  262  202
  43  234  109  272  196
  44  255  123  259  179
  45  265  135  248  173
  46  245  136  263  160
  47  218  139  290  180
  48  224  120  281  198
  49  241  117  258  200
  50  263   99  240  220
