   1  302   53  171  271
   2  299   58  213  249
   3  305   71  256  245
   4  281   54  278  258
   5  292   73  262  236
   6  269   66  264  262
   7  304  117  197  192
   8  317  134  169  170
   9  312  120  198  202
  10  301   81  214  247
  11  307  100  281  226
  12  310  116  300  217
  13  323  109  260  223
  14  331  108  186  222
  15  319  104  182  229
  16  316  104  151  243
  17  246  108  242  239
  18  196   92  301  258
  19  189  119  308  219
  20  172  134  328  209
  21  214  128  287  205
  22  215  133  290  201
  23  188  168  315  167
  24  158  154  352  205
  25  161  148  340  199
  26  185  123  313  218
  27  257  102  232  243
  28  300   63  176  279
  29  309   53  163  294
  30  286   58  238  290
  31  302   72  238  271
  32  311   92  251  251
  33  297  110  234  223
  34  306  120  202  201
  35  310  124  219  213
  36  304  111  220  229
  37  307  102  255  239
  38  316   82  268  260
  39  338   86  249  255
  40  326   92  235  244
  41  345   83  204  250
  42  335   87  222  260
  43  315  104  270  241
  44  251  109  330  241
  45  204  111  346  223
  46  166  103  365  235
  47  154  103  351  238
  48  154  120  327  217
  49  186  126  315  212
  50  184  126  310  218
