   1  280   61  141  134
   2  303   48  116  143
   3  324   42   87  159
   4  328   41   89  157
   5  306   37  146  173
   6  307   38  174  188
   7  297   50  205  187
   8  300   56  225  178
   9  296   68  236  161
  10  307   75  235  161
  11  308   74  204  150
  12  316   74  157  138
  13  328   75  113  135
  14  330   71   92  137
  15  288   70  135  145
  16  244   66  184  144
  17  220   66  210  131
  18  193   66  251  129
  19  205   64  239  137
  20  220   62  221  139
  21  218   61  217  140
  22  254   57  178  145
  23  300   56  129  150
  24  315   57  116  152
  25  306   48  118  158
  26  315   55  136  151
  27  301   56  172  157
  28  296   56  190  154
  29  295   62  227  165
  30  309   69  226  157
  31  321   74  234  159
  32  316   78  220  149
  33  335   84  180  141
  34  346   85  141  151
  35  344   82   98  147
  36  330   76  125  154
  37  295   74  171  158
  38  251   83  227  139
  39  232   73  257  148
  40  212   76  285  144
  41  217   78  280  136
  42  235   78  256  141
  43  250   73  244  141
  44  272   71  206  154
  45  295   66  180  150
  46  312   63  170  152
  47  360   65  106  147
  48  353   66  104  145
  49  338   66  138  147
  50  327   72  163  144
