   1  341   64  142  174
   2  368   65  109  161
   3  359   57  106  164
   4  349   60  134  172
   5  339   62  170  187
   6  332   68  223  188
   7  326   76  255  188
   8  335   79  274  185
   9  340   85  271  175
  10  347   88  266  172
  11  350   93  235  151
  12  351   88  203  156
  13  361   88  153  141
  14  376   83  112  149
  15  355   77  132  142
  16  319   81  179  137
  17  280   74  231  154
  18  259   73  261  153
  19  211   79  320  157
  20  216   73  308  151
  21  244   74  274  155
  22  245   66  274  155
  23  263   66  238  149
  24  297   58  204  154
  25  356   65  128  154
  26  363   54  130  157
  27  368   59  109  161
  28  352   55  144  172
  29  340   53  166  179
  30  333   62  237  186
  31  337   63  241  187
  32  328   71  256  169
  33  335   74  294  186
  34  346   79  254  170
  35  354   74  197  162
  36  365   86  148  139
  37  367   74  115  146
  38  337   82  138  135
  39  271   71  202  152
  40  241   59  237  166
  41  219   54  275  155
  42  204   71  285  156
  43  193   60  290  135
  44  232   65  247  145
  45  248   66  218  141
  46  283   50  178  156
  47  314   55  137  162
  48  323   41  126  183
  49  328   38  123  181
  50  324   43  138  169
