   1  309   66  164  178
   2  346   63  123  181
   3  370   53   98  191
   4  366   55  109  189
   5  354   60  146  179
   6  342   71  206  191
   7  338   72  240  193
   8  340   77  268  201
   9  344   84  270  196
  10  344   91  276  194
  11  350   97  240  180
  12  369   97  187  173
  13  380   93  126  157
  14  379   95   97  172
  15  355   85  116  179
  16  303   99  178  152
  17  260   93  231  150
  18  229   85  266  159
  19  217   81  281  158
  20  211   78  284  164
  21  238   89  250  150
  22  267   84  215  150
  23  303   78  173  168
  24  336   74  127  171
  25  366   63   94  185
  26  345   66  125  187
  27  330   64  153  182
  28  321   70  183  172
  29  311   75  213  171
  30  310   80  208  164
  31  311   96  288  174
  32  311   86  293  184
  33  308   82  267  176
  34  332   81  212  171
  35  338   87  158  156
  36  338   83  115  152
  37  343   86   88  147
  38  299   74  138  171
  39  249   75  202  164
  40  219   85  228  159
  41  201   85  254  160
  42  203   74  250  175
  43  216   68  238  175
  44  237   72  214  168
  45  270   73  173  165
  46  301   65  141  172
  47  343   67   91  179
  48  340   62  108  177
  49  325   61  135  175
  50  322   68  158  173
