   1  296   85  159  164
   2  284   77  193  163
   3  283   75  227  170
   4  270   71  273  183
   5  270   65  275  180
   6  272   66  272  181
   7  273   69  266  182
   8  279   69  240  173
   9  291   74  200  167
  10  297   68  150  177
  11  296   72  121  181
  12  294   72  120  188
  13  254   68  165  189
  14  197   74  232  183
  15  183   67  257  186
  16  166   69  277  188
  17  187   57  263  196
  18  194   59  254  191
  19  231   65  216  186
  20  258   64  182  187
  21  281   75  159  181
  22  312   71  123  175
  23  324   73  109  172
  24  318   81  129  168
  25  318   78  146  162
  26  314   78  205  177
  27  308   77  243  182
  28  306   63  265  199
  29  306   65  279  197
  30  304   67  295  193
  31  311   66  293  191
  32  311   69  283  188
  33  324   67  242  199
  34  330   68  203  201
  35  345   74  142  200
  36  353   77  108  196
  37  294   65  160  206
  38  246   65  222  211
  39  219   72  256  197
  40  207   73  272  179
  41  205   66  280  179
  42  224   70  260  172
  43  225   63  262  180
  44  272   69  200  163
  45  292   69  167  164
  46  315   65  147  177
  47  337   72  128  164
  48  339   68  127  164
  49  328   70  159  170
  50  328   84  174  160
