   1  329   79  173  172
   2  323   90  217  174
   3  319  100  255  187
   4  314  108  275  185
   5  324  113  280  194
   6  331  113  273  194
   7  346  116  257  190
   8  333  115  254  184
   9  329  116  227  174
  10  342  117  170  172
  11  345  118  137  163
  12  343  119  109  143
  13  308  110  152  141
  14  251  118  224  131
  15  218  120  263  135
  16  206  126  279  128
  17  185  110  311  145
  18  187  128  310  129
  19  180  118  313  137
  20  189  110  299  140
  21  189  113  290  149
  22  200  106  257  152
  23  233  101  209  159
  24  251   96  177  148
  25  274  103  143  130
  26  300   93  114  156
  27  292   91  121  155
  28  270  101  153  142
  29  250  114  188  132
  30  240  113  239  129
  31  240  117  284  129
  32  244  125  285  127
  33  252  130  283  121
  34  246  127  288  127
  35  245  140  281  112
  36  246  138  282   97
  37  249  130  255  123
  38  252  144  215  103
  39  268  141  167  105
  40  270  145  121  101
  41  262  144  111  106
  42  210  127  173  126
  43  190  132  186  122
  44  147  116  240  136
  45  131  117  260  143
  46  130  114  255  171
  47  123  126  257  176
  48  119  121  258  196
  49  132  120  238  213
  50  149  128  209  210
