   1   15   98  380  301
   2   55   97  332  304
   3   95   95  271  307
   4  113   76  243  314
   5  185   86  164  296
   6  193   88  157  239
   7  195   85  165  261
   8  190   86  194  250
   9  174   80  249  258
  10  155   85  310  247
  11  136   84  380  256
  12  140   93  402  233
  13  113   91  470  247
  14  127  111  476  217
  15  145  112  483  210
  16  132  116  498  210
  17  166  117  469  216
  18  177  124  448  207
  19  184  126  414  194
  20  189  126  383  189
  21  219  135  303  177
  22  210  121  269  193
  23  219  131  205  182
  24  227  128  150  215
  25  192  137  180  221
  26  145  106  244  266
  27   86  108  313  285
  28   59  103  355  284
  29   24  109  394  284
  30   17  105  402  298
  31   19  101  401  297
  32   36  100  377  300
  33   73   97  330  300
  34  107   81  284  316
  35  170   74  210  311
  36  212   80  161  300
  37  211   70  177  285
  38  206   76  168  266
  39  205   78  188  256
  40  184   73  242  252
  41  181   82  300  243
  42  180   81  343  243
  43  167   90  375  238
  44  165   92  426  231
  45  150   95  479  221
  46  173  107  460  212
  47  186  116  472  202
  48  194  116  472  207
  49  216  124  437  191
  50  226  126  411  185
