   1  109   74  344  324
   2  176   66  270  324
   3  213   56  235  309
   4  250   51  183  302
   5  268   39  139  297
   6  250   34  172  289
   7  242   58  238  258
   8  235   53  292  263
   9  241   65  361  241
  10  235   62  387  244
  11  242   71  386  232
  12  236   86  391  222
  13  242   85  368  212
  14  245   79  328  222
  15  249   92  265  209
  16  255   87  191  235
  17  247  101  167  219
  18  180   95  234  265
  19  118   94  304  292
  20   69   98  367  288
  21   35   88  394  282
  22   36   89  408  277
  23   45   68  405  304
  24   77   54  386  312
  25   95   58  369  286
  26  138   42  323  302
  27  230   34  218  288
  28  258   29  172  284
  29  271   29  154  289
  30  274   37  157  273
  31  266   47  234  270
  32  279   45  272  272
  33  258   26  333  288
  34  258   58  353  267
  35  254   61  383  257
  36  250   39  397  280
  37  262   53  373  271
  38  269   81  346  242
  39  268   70  302  259
  40  285   81  217  262
  41  289   83  194  240
  42  237   93  231  261
  43  202   70  277  289
  44   90  106  392  243
  45   60  106  427  233
  46   63  111  439  222
  47   82  101  432  225
  48   92  113  442  205
  49  135   78  402  234
  50  158   63  385  246
