   1  276   58  244  278
   2  325   57  185  277
   3  345   64  152  275
   4  348   69  144  271
   5  348   82  181  255
   6  325   78  276  304
   7  329   92  263  265
   8  311   94  359  300
   9  314   94  358  301
  10  314   97  360  295
  11  317  102  326  288
  12  309  106  280  272
  13  317  111  188  252
  14  309  108  168  244
  15  231   94  253  265
  16  198  114  289  234
  17  141  122  357  214
  18   97  118  401  205
  19   59  130  449  203
  20   57  120  456  213
  21   74  115  434  208
  22   77  106  439  206
  23  106   88  412  217
  24  116   79  397  235
  25  190   72  308  257
  26  260   74  226  253
  27  285   71  189  243
  28  299   80  160  231
  29  297   74  159  258
  30  286   71  200  298
  31  284   95  257  297
  32  264   97  320  300
  33  264  102  350  298
  34  279  102  350  293
  35  261  101  364  290
  36  272  114  323  284
  37  269  118  270  272
  38  291  124  174  235
  39  290  120  137  231
  40  214  120  215  190
  41  164  110  270  180
  42  123   81  323  207
  43   96   79  350  210
  44   55   84  393  211
  45   54   81  409  225
  46   71   87  384  229
  47   93   86  360  221
  48  110   81  340  224
  49  138   79  306  239
  50  217   63  221  249
