   1  301   76  133  251
   2  284   73  158  251
   3  271   81  176  244
   4  269   89  206  253
   5  256  101  261  259
   6  257   99  291  281
   7  261   99  311  290
   8  254   97  345  292
   9  256   92  351  295
  10  279   98  330  293
  11  282   97  294  286
  12  298   99  226  258
  13  310   95  188  246
  14  299   94  196  212
  15  259   84  241  213
  16  206   73  292  251
  17  183   79  324  217
  18  145   68  372  228
  19  158   60  371  234
  20  137   77  394  226
  21  137   53  396  241
  22  161   64  372  244
  23  208   49  321  269
  24  208   47  309  264
  25  336   60  184  269
  26  351   62  170  273
  27  339   73  182  262
  28  333   82  191  257
  29  326   82  224  276
  30  310   86  319  308
  31  297   87  383  304
  32  287   76  422  318
  33  290   76  421  314
  34  284   86  409  294
  35  293   82  365  289
  36  305   80  297  273
  37  328   85  223  253
  38  321   85  188  243
  39  313   80  191  229
  40  258   68  238  243
  41  185   74  324  237
  42  155   69  360  241
  43  144   70  374  248
  44  120   53  407  258
  45  154   76  362  258
  46  167   55  346  279
  47  198   53  313  273
  48  259   45  243  290
  49  299   65  202  269
  50  317   75  184  266
