   1  244   72  157  196
   2  255   59  150  210
   3  271   81  119  175
   4  262   71  180  204
   5  244   74  232  198
   6  242   70  262  208
   7  245   81  277  194
   8  237   77  304  207
   9  256   92  294  194
  10  257   87  289  212
  11  262   93  260  213
  12  265   98  234  213
  13  283  110  151  187
  14  257   95  143  204
  15  244   84  148  212
  16  169   80  232  200
  17  134   76  274  195
  18  110   73  303  189
  19  119   68  299  184
  20  124   53  304  198
  21  144   57  286  212
  22  172   66  254  220
  23  185   62  233  203
  24  216   63  204  204
  25  228   68  185  213
  26  270   70  138  198
  27  270   68  130  186
  28  252   60  194  198
  29  244   72  229  194
  30  244   79  252  187
  31  252   79  271  187
  32  251   78  290  190
  33  243   88  307  182
  34  261   91  274  183
  35  262  101  245  166
  36  267   87  219  174
  37  273   95  169  166
  38  251   96  160  161
  39  241   90  168  180
  40  203   86  212  197
  41  137   88  286  199
  42  118   86  299  207
  43  107   81  323  198
  44  114   84  317  202
  45  138   97  297  190
  46  149   82  286  205
  47  187   67  249  228
  48  196   70  230  213
  49  211   80  212  187
  50  255   80  151  196
