   1  257   73  159  212
   2  275   74  145  202
   3  288   58  121  229
   4  288   56  148  226
   5  290   67  140  198
   6  283   74  211  210
   7  258   59  250  218
   8  264   57  271  230
   9  272   67  293  218
  10  263   70  303  209
  11  265   73  271  210
  12  270   75  243  189
  13  272   74  192  184
  14  286   71  133  204
  15  275   63  150  195
  16  225   67  191  197
  17  183   55  256  196
  18  121   45  300  205
  19  110   46  316  201
  20  122   46  301  195
  21  164   38  266  227
  22  155   45  271  209
  23  185   46  228  213
  24  216   57  198  204
  25  258   64  160  195
  26  264   59  162  193
  27  261   62  163  187
  28  252   58  198  211
  29  247   75  230  193
  30  247   80  265  193
  31  235   85  316  187
  32  245   82  320  189
  33  237   78  337  187
  34  237   91  324  162
  35  247   85  301  174
  36  256   91  270  169
  37  269   91  223  165
  38  290   92  168  160
  39  281   91  115  153
  40  234   93  164  163
  41  215   88  183  165
  42  146   94  259  174
  43  123   92  295  171
  44   95   74  324  184
  45  117   77  317  190
  46  139   76  281  189
  47  166   74  255  187
  48  193   85  228  179
  49  200   77  210  182
  50  230   74  177  191
