   1  129   67  285  220
   2  134   74  277  209
   3  145   77  272  205
   4  161   67  254  219
   5  176   76  238  204
   6  211   69  200  209
   7  236   69  171  204
   8  247   70  156  199
   9  270   70  127  193
  10  267   78  160  188
  11  246   73  212  196
  12  244   70  239  199
  13  252   83  261  186
  14  241   78  289  187
  15  247   80  304  192
  16  258   86  300  191
  17  262   93  282  178
  18  277   97  244  185
  19  262   96  229  192
  20  282  101  124  154
  21  274  100  115  203
  22  276  107  107  190
  23  204   92  192  217
  24  132   87  273  220
  25  131   86  279  221
  26  133   80  278  230
  27  144   75  273  230
  28  162   65  259  232
  29  177   65  247  234
  30  202   75  211  211
  31  242   78  166  222
  32  241   72  161  226
  33  274   72  127  215
  34  271   74  144  199
  35  261   71  190  197
  36  269   77  221  201
  37  258   85  275  189
  38  266   84  265  188
  39  260   90  275  182
  40  266   94  279  189
  41  276   90  258  189
  42  274   88  256  200
  43  278   88  250  208
  44  273   80  239  216
  45  266   80  214  214
  46  244   88  197  217
  47  218   76  229  228
  48  168   69  282  231
  49  166   73  294  221
  50  178   74  290  193
