   1  231  188  207  107
   2  229  170  217  113
   3  268  182  173  118
   4  319  185  134  112
   5  333  183  103  107
   6  334  177  136  116
   7  341  187  152  101
   8  333  181  182  101
   9  328  170  219  120
  10  324  168  229  124
  11  322  161  240  138
  12  332  156  215  147
  13  348  156  160  154
  14  342  153  133  157
  15  344  159  109  155
  16  319  153  139  155
  17  267  137  205  168
  18  278  134  191  162
  19  240  142  238  148
  20  241  158  236  136
  21  244  163  219  131
  22  253  169  203  126
  23  285  176  159  117
  24  319  180  113  113
  25  321  179   96  121
  26  310  176  137  119
  27  311  174  166  123
  28  297  169  200  118
  29  287  158  226  131
  30  278  151  240  140
  31  288  154  230  148
  32  293  150  207  156
  33  306  150  163  165
  34  307  152  117  160
  35  320  156   95  150
  36  307  144  113  168
  37  251  140  192  165
  38  220  136  233  173
  39  231  145  225  152
  40  217  145  238  147
  41  241  142  217  153
  42  244  150  194  140
  43  274  156  161  132
  44  314  163  121  128
  45  321  171  111  116
  46  313  159  146  125
  47  294  164  207  133
  48  277  170  241  130
  49  274  157  266  133
  50  274  159  271  125
