   1  318   51  109  178
   2  318   51  130  171
   3  325   63  114  158
   4  330   75  118  148
   5  320   80  127  141
   6  327   96  134  129
   7  314   99  150  123
   8  319  123  160   99
   9  325  127  153  106
  10  321  122  179  116
  11  328  164  171   97
  12  323  172  189  103
  13  316  182  193  116
  14  316  186  195  151
  15  327  191  171  168
  16  322  196  171  171
  17  321  198  158  193
  18  314  196  138  204
  19  321  198  114  203
  20  318  198   93  199
  21  304  194   83  205
  22  295  190   84  211
  23  291  189   89  209
  24  258  187  131  163
  25  235  170  144  141
  26  211  146  175  152
  27  219  112  154  160
  28  227   72  158  187
  29  224   39  159  201
  30  226   19  155  205
  31  241    5  152  204
  32  256    3  134  184
  33  257    7  124  192
  34  261    6  138  186
  35  272    6  114  195
  36  281   11  112  196
  37  289    7  123  197
  38  302    9  115  201
  39  301    6  105  214
  40  305    6  101  225
  41  324    7   95  217
  42  322    4   81  221
  43  330    4   89  221
  44  334    7   99  220
  45  341    7   97  221
  46  355    8   80  221
  47  348   20  102  206
  48  353   35  103  190
  49  358   49  111  180
  50  357   65  117  169
  51  355   76  124  152
  52  353   88  139  137
  53  344  101  164  143
  54  356  119  161  111
  55  346  124  169  101
  56  356  158  180   70
  57  363  150  173   93
  58  359  179  185   90
  59  347  185  194  104
  60  354  183  190  128
  61  348  187  182  150
  62  359  195  155  156
  63  343  187  155  183
  64  355  196  146  197
  65  354  194  138  206
  66  350  184  105  214
  67  361  191   78  205
  68  350  182   90  220
  69  340  182   86  217
  70  328  179   98  173
  71  295  176  131  137
  72  296  172  136  112
  73  295  133  136  139
  74  290  109  138  133
  75  296   72  132  153
