   1  257    6  102  209
   2  259    6  100  208
   3  237   11  124  204
   4  246   13  124  205
   5  234   27  129  193
   6  239   47  119  171
   7  233   52  124  161
   8  215   71  145  148
   9  217   95  142  130
  10  207  112  161  121
  11  204  139  153  115
  12  200  185  154   82
  13  232  183  122  133
  14  240  194  117  165
  15  266  199   88  189
  16  271  200   91  199
  17  280  203   84  198
  18  299  201   68  198
  19  292  200   95  198
  20  306  204   83  196
  21  300  200   95  196
  22  303  200  107  189
  23  311  197  101  180
  24  309  189  105  173
  25  312  189   98  156
  26  303  181  111  139
  27  317  163   98  140
  28  304  156  110  129
  29  318  142  107  113
  30  303  124  118  114
  31  299  106  119  143
  32  296  104  113  126
  33  302   99  109  131
  34  293   91  117  144
  35  305   76   95  149
  36  298   73  105  144
  37  299   60   94  155
  38  300   47   91  169
  39  282   44   99  171
  40  293   43   94  180
  41  286   29   84  188
  42  283   33   82  183
  43  281   25   75  193
  44  269   14   90  204
  45  275   15   88  205
  46  273    8   84  210
  47  262   12   97  203
  48  256   16  111  204
  49  256   16   86  208
  50  251   20  104  200
  51  250   37  103  182
  52  244   53  100  172
  53  236   60  103  159
  54  243   82  105  145
  55  231   90  123  127
  56  228   92  125  132
  57  223  102  126  128
  58  221  111  124  130
  59  228  118  120  143
  60  222  138  123  147
  61  218  159  127  129
  62  220  168  123  146
  63  213  181  124  160
  64  215  189  121  177
  65  226  196  119  185
  66  237  201  101  194
  67  250  209   98  189
  68  272  204   81  196
  69  264  203   90  192
  70  272  202   95  193
  71  278  201  103  190
  72  279  197  109  174
  73  279  197  111  159
  74  283  190  113  148
  75  284  193  122  126
