   1  295   31   80  161
   2  290   31   81  162
   3  290   30  101  163
   4  290   36  100  169
   5  296   35   95  165
   6  297   39   82  160
   7  301   38   79  158
   8  300   46   87  153
   9  293   50  100  147
  10  300   48   84  152
  11  298   62  100  135
  12  304   68   93  126
  13  306   77   86  118
  14  293   81  101  118
  15  301   88   98  109
  16  293  111  132   89
  17  289  115  137   93
  18  299  130  139   80
  19  303  144  135   65
  20  295  149  142   82
  21  292  163  150  108
  22  295  167  140  116
  23  300  172  127  126
  24  295  174  117  146
  25  298  181   98  169
  26  291  183   88  183
  27  287  182   93  195
  28  285  177   70  202
  29  273  177   72  193
  30  241  171  109  143
  31  216  160  130  130
  32  210  160  134  115
  33  219  123  122  137
  34  227   77  119  155
  35  225   51  112  169
  36  220   40  125  168
  37  232   38  106  164
  38  238   23  111  173
  39  240   10  111  192
  40  243    9  113  187
  41  251    4  104  192
  42  258    7   97  190
  43  261    7   98  190
  44  270    7   97  189
  45  273    9  110  190
  46  280    6  110  199
  47  282    7   96  193
  48  276    9  101  196
  49  286   19   93  184
  50  291   24  101  177
  51  299   23   91  179
  52  296   27   95  184
  53  305   31   84  174
  54  304   36   94  170
  55  301   39   98  166
  56  301   41  101  168
  57  303   46   94  160
  58  310   51   91  157
  59  312   58   83  144
  60  318   61   84  141
  61  316   69   91  132
  62  315   78   97  125
  63  325   89   91  111
  64  322   92   95  112
  65  322  105   99   95
  66  326  116  100   87
  67  325  125  112   80
  68  319  129  120   83
  69  324  151  120   58
  70  330  163  112   72
  71  326  165  112   85
  72  330  174  111   88
  73  332  168  108  113
  74  324  181  113  110
  75  321  178  114  139
