   1  302   23   97  179
   2  302   34   96  168
   3  308   36  101  170
   4  300   41   94  163
   5  301   50  100  152
   6  310   55   96  150
   7  303   57  104  145
   8  306   66  106  138
   9  306   75  120  127
  10  309   81  112  123
  11  295   96  145  108
  12  291  110  164   93
  13  299  132  166   75
  14  305  140  165   78
  15  300  156  180   67
  16  297  167  190   88
  17  299  179  191   99
  18  302  178  177  128
  19  304  174  159  155
  20  300  181  150  175
  21  299  182  130  209
  22  305  188  108  206
  23  294  185  103  210
  24  296  191   79  208
  25  286  197   78  200
  26  278  186   82  213
  27  278  185   70  215
  28  261  184   95  199
  29  230  184  125  149
  30  210  169  145  123
  31  206  133  145  145
  32  216  106  139  166
  33  234   76  114  189
  34  240   56  113  185
  35  242   29  108  203
  36  247   23  107  197
  37  250   15  124  203
  38  253    7  111  211
  39  261    9  127  205
  40  263    8  107  201
  41  269   11  106  193
  42  269    4  101  203
  43  277    6   98  205
  44  283    8  102  209
  45  284   10   88  199
  46  290   12  100  198
  47  289   13   86  201
  48  306   17   82  196
  49  307   24   79  185
  50  302   29   90  187
  51  298   40  104  177
  52  310   47   94  168
  53  299   58  106  161
  54  302   80  119  133
  55  300   97  126  121
  56  304  100  128  129
  57  304  128  144   92
  58  300  152  164   68
  59  304  171  173   58
  60  306  172  184   93
  61  305  191  179  101
  62  300  193  190  120
  63  304  195  165  138
  64  306  199  143  167
  65  306  210  149  179
  66  298  208  136  190
  67  302  212   99  185
  68  297  208   77  187
  69  294  207   69  190
  70  281  209   95  190
  71  268  203   87  200
  72  252  201  109  164
  73  202  191  155  140
  74  201  165  155  146
  75  195  135  155  148
