   1  295   35  102  211
   2  287   39  121  217
   3  285   57  123  192
   4  289   65  126  187
   5  285   86  123  167
   6  288   97  129  147
   7  287  114  133  141
   8  274  123  151  132
   9  294  139  135  110
  10  283  153  153  103
  11  287  169  166  141
  12  292  185  171  128
  13  291  187  177  151
  14  288  192  180  156
  15  290  192  179  192
  16  281  187  181  204
  17  287  196  151  203
  18  282  191  107  208
  19  271  183   95  219
  20  253  174   97  226
  21  249  172  105  221
  22  204  177  139  175
  23  156  167  181  151
  24  153  164  204  136
  25  166  124  182  157
  26  185   56  169  194
  27  186   26  150  202
  28  185    3  166  214
  29  190    6  142  213
  30  198    6  157  228
  31  206    9  153  218
  32  214    8  143  230
  33  218    6  152  229
  34  234    5  152  244
  35  230    9  144  242
  36  249    9  122  248
  37  248   11  122  251
  38  254   10  126  248
  39  252    9  121  253
  40  260   13  125  253
  41  267   13  132  250
  42  280   15  120  252
  43  277   16  126  246
  44  287   10  117  251
  45  302   19  102  243
  46  291   29  130  237
  47  297   25  121  238
  48  301   44  119  221
  49  310   58  105  205
  50  303   64  109  204
  51  312   67  110  200
  52  322   85  105  174
  53  316   95  110  168
  54  307  111  133  155
  55  323  138  135  130
  56  304  154  163  121
  57  329  164  137  107
  58  321  177  151  108
  59  318  198  159  112
  60  324  199  190  140
  61  325  210  187  154
  62  323  222  194  171
  63  314  230  170  168
  64  323  231  133  169
  65  313  229  108  169
  66  319  224   99  175
  67  312  224   76  176
  68  289  223  104  175
  69  288  216   91  177
  70  264  219  126  170
  71  220  211  164  154
  72  222  148  162  182
  73  231  123  152  176
  74  218   90  163  186
  75  213   61  167  202
