   1  292   27  105  206
   2  305   26   96  209
   3  292   35  121  200
   4  294   42  108  194
   5  296   45  102  187
   6  290   54  121  177
   7  291   59  127  174
   8  287   64  123  173
   9  291   78  117  158
  10  295   91  122  138
  11  294  103  119  129
  12  285  119  145  112
  13  295  136  135   97
  14  287  150  141   95
  15  294  156  149   93
  16  303  166  140   96
  17  293  176  162  117
  18  302  179  163  132
  19  302  183  154  142
  20  312  189  153  146
  21  305  191  156  172
  22  301  192  164  183
  23  300  192  139  198
  24  305  197  105  185
  25  294  199   99  193
  26  285  191   95  211
  27  272  186   89  211
  28  268  183   89  219
  29  229  180  129  194
  30  208  188  152  140
  31  197  160  159  140
  32  204  131  157  151
  33  218   98  141  166
  34  224   73  131  177
  35  232   40  130  209
  36  239   27  129  204
  37  242   16  114  203
  38  244   11  121  210
  39  257   15  107  209
  40  255    5  120  215
  41  255    5  120  215
  42  264    7  100  215
  43  273    6   90  218
  44  277   11   99  224
  45  284    7   93  219
  46  291    9   84  221
  47  291   11   91  223
  48  291   21   89  212
  49  283   35  102  204
  50  293   47  100  195
  51  297   57   97  188
  52  295   67  107  179
  53  302   84   97  161
  54  302   91  109  155
  55  295  116  121  129
  56  294  132  128  119
  57  296  145  140  103
  58  292  165  154   84
  59  309  185  143   76
  60  300  190  160  112
  61  304  207  156  120
  62  313  211  159  132
  63  301  213  162  145
  64  304  221  164  167
  65  300  222  149  175
  66  310  228  109  173
  67  308  227  100  173
  68  287  227   94  173
  69  284  227   93  174
  70  275  215   80  184
  71  277  218   78  180
  72  241  214  124  187
  73  197  216  166  147
  74  203  205  155  121
  75  210  170  145  134
