   1  298   82   71  169
   2  291   75   84  180
   3  287   82   98  185
   4  288   84   95  182
   5  287   80   86  179
   6  299   83   79  177
   7  294   79   98  187
   8  291   78   89  182
   9  295   82   77  179
  10  298   93   92  166
  11  304   86   97  157
  12  296   91  101  165
  13  294   82  111  167
  14  300   88   85  169
  15  298   76  103  179
  16  309   90   85  164
  17  310   86   94  167
  18  313   88   88  164
  19  305   95   80  156
  20  296   94   90  161
  21  307  105   76  154
  22  302  100   79  165
  23  295  109   97  152
  24  297  126   99  141
  25  306  131   80  141
  26  301  136   76  133
  27  276  137  105  142
  28  305  177   78  108
  29  298  169   90  139
  30  282  160   95  172
  31  293  179   79  160
  32  295  168   73  169
  33  290  155   86  166
  34  268  156  103  131
  35  275  161   99  135
  36  299  162   81  126
  37  264  153  128  114
  38  261  145  126  127
  39  259  150  125  102
  40  251  143  125  108
  41  260  131  130  125
  42  265  121  118  132
  43  273  127  107  136
  44  266  117  101  151
  45  276  117   99  146
  46  280  106   88  157
  47  283  102   82  167
  48  277   97   91  171
  49  281   87   94  171
  50  279   89   93  176
  51  275   78  102  186
  52  279   86   86  180
  53  283   83   84  175
  54  274   77   96  187
  55  282   76   97  186
  56  273   69  104  191
  57  277   75  100  186
  58  273   75   94  186
  59  281   62   89  198
  60  284   69   79  190
  61  276   66   85  199
  62  291   69   66  193
  63  288   73   87  196
  64  287   63   89  198
  65  286   57   85  206
  66  288   59   79  210
  67  280   56   83  205
  68  292   55   74  210
  69  283   60   81  198
  70  288   50   84  214
  71  281   52   82  210
  72  287   55   82  215
  73  290   52   86  208
  74  288   51   78  212
  75  288   52   85  210
