   1  293    7  111  195
   2  290    6  107  203
   3  289    8  113  200
   4  280    6  122  197
   5  271   13  120  194
   6  274   25  118  183
   7  268   31  130  176
   8  258   48  147  163
   9  259   65  130  153
  10  258   81  146  135
  11  244  102  150  111
  12  232  110  169  109
  13  241  149  170   85
  14  226  159  178  118
  15  265  179  125  145
  16  268  179  147  168
  17  297  191  100  187
  18  294  191  116  203
  19  308  192  110  205
  20  326  199  114  196
  21  328  183  104  204
  22  324  184  118  178
  23  326  186  125  151
  24  336  179  129  127
  25  337  167  117  132
  26  344  168  127  128
  27  332  150  134  105
  28  320  133  125  107
  29  322  124  129  121
  30  328  116  130  109
  31  334  105  133  105
  32  326   90  116  108
  33  319   69  119  136
  34  332   75  105  124
  35  319   56  115  146
  36  320   57  117  141
  37  319   46  133  156
  38  309   37  118  162
  39  298   35  124  173
  40  297   32  139  186
  41  305   29  105  187
  42  295   27  117  177
  43  304   21  114  188
  44  313   12   90  206
  45  294   25  104  185
  46  293   19  106  191
  47  304   13  113  201
  48  285    5  116  203
  49  289   10   93  201
  50  284   10  105  204
  51  289    9   92  209
  52  280   10  100  202
  53  275    4  103  207
  54  275    9   86  205
  55  275    4  101  209
  56  268    7  101  209
  57  264    8   94  205
  58  275   13  102  206
  59  263   21   98  197
  60  265   34  104  192
  61  253   44  111  175
  62  246   48  131  179
  63  248   77  122  164
  64  234  103  137  135
  65  225  131  145   96
  66  230  146  137  102
  67  216  178  154   87
  68  213  164  151  131
  69  240  190  122  147
  70  253  185  112  200
  71  259  195   98  203
  72  285  199   90  202
  73  283  199  101  194
  74  294  199   83  198
  75  297  200   97  191
