   1  302  201   93  196
   2  308  203   87  197
   3  305  205  112  189
   4  308  189  121  206
   5  312  199  115  174
   6  316  190  101  159
   7  316  175  104  161
   8  309  160  123  171
   9  317  148  108  151
  10  272  115  155  164
  11  328  128   87  137
  12  314  123  107   99
  13  311  106  124  137
  14  311  112   93  107
  15  305   98  118  131
  16  293   95  113  118
  17  303   76  107  138
  18  305   71  102  144
  19  294   52  109  160
  20  280   42  131  170
  21  291   37  105  179
  22  283   24  107  192
  23  281   36  101  186
  24  281   29  108  190
  25  279   18  115  204
  26  278   15   96  207
  27  280   17  107  201
  28  279   11   96  208
  29  269    8  105  209
  30  274   14  111  207
  31  264    9   93  208
  32  253    8   95  205
  33  246    9  102  210
  34  255   10  104  206
  35  245    7   96  207
  36  242   21  119  193
  37  231   31  132  195
  38  230   37  120  186
  39  228   56  121  176
  40  215   57  144  156
  41  215   88  143  141
  42  218  112  131  131
  43  198  131  165  112
  44  203  154  148  102
  45  193  184  169   95
  46  222  202  144  116
  47  235  194  121  175
  48  251  202  120  195
  49  273  197  111  200
  50  289  203   86  189
  51  290  191   89  201
  52  299  209   94  185
  53  302  205  111  192
  54  307  205  102  188
  55  305  205  106  175
  56  313  199  102  166
  57  313  192   94  158
  58  314  192  100  140
  59  310  177  108  128
  60  313  149  102  142
  61  316  145  103  126
  62  313  143   99  106
  63  309  133  129   94
  64  304  124  108  106
  65  305  122  107   96
  66  296  102  113  117
  67  295   80  114  133
  68  293   66  116  150
  69  289   53  108  160
  70  300   52  102  162
  71  295   41  100  171
  72  300   34   88  184
  73  292   38  101  176
  74  290   36   94  178
  75  294   35   93  181
