   1  342  107   93  135
   2  344  110   85  119
   3  335  107   91  130
   4  333  100   89  129
   5  318  104  111  138
   6  320  118  108  121
   7  311  119   92  114
   8  301  116  131  131
   9  305  126  113  105
  10  300  142  106   88
  11  282  153  143   88
  12  284  143  130   94
  13  279  156  133   82
  14  262  160  162   87
  15  280  176  141  106
  16  296  177  124   99
  17  275  172  131  125
  18  312  189  107  107
  19  323  200  107  122
  20  338  206   84  118
  21  340  210   87  128
  22  360  205   69  145
  23  365  209   87  145
  24  380  203   70  159
  25  373  211  102  149
  26  376  203  127  130
  27  385  200  138  116
  28  383  188  144   96
  29  383  170  133  109
  30  393  184  133   77
  31  388  156  130   97
  32  385  149  124   97
  33  379  123  126  117
  34  384  117  118  108
  35  386  107  111  120
  36  382   96  117  122
  37  381   95  113  122
  38  379   87  103  134
  39  380   78  103  131
  40  380   80   94  135
  41  367   68  108  149
  42  375   82  100  133
  43  375   79   82  138
  44  372   79   81  143
  45  370   80   72  140
  46  363   71   79  152
  47  361   82   76  141
  48  357   78   84  145
  49  345   81   83  146
  50  347   82   87  141
  51  347   81   86  147
  52  341   91   84  133
  53  344   92   84  135
  54  330   87   86  145
  55  331   97   98  131
  56  327   94  105  145
  57  323   99   93  137
  58  322  103  101  142
  59  310   95  112  147
  60  305   98  105  149
  61  294  111  115  113
  62  291  104  126  133
  63  285  124  132  124
  64  275  112  137  125
  65  280  119  144  137
  66  269  122  135  124
  67  257  140  148  114
  68  260  143  145  120
  69  263  146  140  111
  70  239  159  158  113
  71  252  177  139   97
  72  255  181  139  110
  73  270  192  138  106
  74  276  192  124  113
  75  282  190  119  124
