   1  315   63  102  163
   2  313   65  107  162
   3  308   68   94  156
   4  299   67  103  162
   5  297   74  103  152
   6  288   81  117  149
   7  284   87  118  139
   8  279   93  124  141
   9  263   92  140  141
  10  251  100  153  129
  11  242  112  167  116
  12  236  125  174  115
  13  225  130  182  113
  14  213  156  195  100
  15  212  161  188   87
  16  225  174  178   84
  17  222  190  182   85
  18  235  190  158  117
  19  253  204  147  118
  20  275  205  141  142
  21  292  216  118  156
  22  318  205   79  171
  23  337  212   84  178
  24  345  199   81  187
  25  352  197   90  191
  26  352  198  115  185
  27  382  191   97  194
  28  374  197  170  163
  29  378  188  169  134
  30  373  189  188  101
  31  368  171  192  110
  32  374  151  187  110
  33  371  103  161  158
  34  378   97  139  147
  35  370   77  138  156
  36  373   58  138  165
  37  375   49  127  168
  38  361   44  123  162
  39  357   30  124  173
  40  358   18  125  180
  41  348   16  133  183
  42  331    9  136  189
  43  346    7  126  195
  44  337    9  122  189
  45  333    8  105  193
  46  347   10   82  190
  47  333    6  100  193
  48  311   11  118  188
  49  314   12  114  186
  50  313   16  114  187
  51  308   22  104  171
  52  292   32  127  167
  53  285   30  129  165
  54  271   39  131  151
  55  257   50  144  148
  56  249   44  155  155
  57  223   64  172  138
  58  226   75  177  129
  59  198  103  214  103
  60  192  113  225   99
  61  200  140  208   74
  62  204  146  206   93
  63  223  152  187   95
  64  235  148  174  136
  65  252  154  151  150
  66  265  156  145  156
  67  289  159  123  167
  68  288  157  139  192
  69  348  167   84  186
  70  343  158  117  203
  71  362  157  111  189
  72  364  153  154  175
  73  366  150  167  145
  74  367  148  188  116
  75  375  141  177  103
