   1  325    9   99  178
   2  309    8  102  174
   3  304   13  105  176
   4  306   14  101  168
   5  298   11  106  180
   6  286   13   99  177
   7  279   25   97  154
   8  268   27  119  161
   9  260   30  126  164
  10  253   28  125  164
  11  236   45  136  145
  12  228   52  140  139
  13  211   65  159  116
  14  207   81  158  106
  15  197   90  171  104
  16  195  103  175   84
  17  183  127  196   69
  18  181  122  182   92
  19  167  123  209   94
  20  188  145  180   98
  21  183  138  178  134
  22  216  147  149  134
  23  224  143  146  171
  24  255  149  126  179
  25  285  156   99  182
  26  294  151   94  176
  27  305  140   86  211
  28  335  149   89  205
  29  337  149  124  187
  30  350  146  148  168
  31  347  134  178  149
  32  344  133  188  110
  33  344  117  197  114
  34  343   91  176  117
  35  339   55  163  152
  36  347   49  131  162
  37  354   36  115  153
  38  353   25  106  154
  39  340   14  110  166
  40  331   17  103  157
  41  324    7   98  169
  42  325    8   81  164
  43  316    6  101  167
  44  305    5  100  169
  45  300    5  106  165
  46  291    7   90  176
  47  276   15  106  166
  48  275   22   93  157
  49  264   22  101  159
  50  245   32  130  151
  51  245   45  123  147
  52  226   46  136  140
  53  215   67  143  126
  54  201   85  163  109
  55  191   85  171  112
  56  187  109  185   93
  57  171  129  204   77
  58  167  138  198   87
  59  189  139  172  111
  60  177  133  185  146
  61  206  152  160  150
  62  222  157  143  166
  63  240  160  134  185
  64  280  164  115  186
  65  287  156  112  211
  66  322  167  105  193
  67  326  157  107  203
  68  332  154  133  199
  69  344  160  139  184
  70  340  153  171  156
  71  348  153  186  122
  72  343  142  197   91
  73  339   98  195  141
  74  340   90  169  125
  75  344   68  132  134
