   1  356   54  107  156
   2  338   52  113  148
   3  344   60  111  150
   4  338   68  112  129
   5  339   70  103  134
   6  329   70  113  147
   7  329   77  111  133
   8  308   88  130  128
   9  290   93  146  108
  10  295   96  143  135
  11  287  108  147  108
  12  282   97  144  121
  13  290  136  143   83
  14  305  138  125  100
  15  281  153  150   87
  16  292  170  138   77
  17  294  173  132   78
  18  321  180  114  111
  19  361  203   88   95
  20  372  210   79   97
  21  377  195   82  115
  22  401  182   88  136
  23  422  188   73  120
  24  418  190  118  111
  25  430  179  127   76
  26  434  162  124   89
  27  423  143  143  100
  28  413  110  147  122
  29  430  130  119   77
  30  424  115  132   81
  31  422   92  130  103
  32  418   82  121  117
  33  400   62  127  132
  34  403   66  132  125
  35  419   66  107  123
  36  410   54  121  132
  37  422   53   95  137
  38  397   52  112  133
  39  390   49  106  139
  40  392   51  103  143
  41  393   53  105  142
  42  393   50   98  142
  43  396   46   83  147
  44  390   46   96  155
  45  390   47   88  143
  46  392   45  101  155
  47  387   45   89  158
  48  386   50  100  151
  49  379   50   94  150
  50  363   47   97  155
  51  364   53  121  153
  52  362   61  105  152
  53  360   63  101  135
  54  344   64  130  138
  55  352   79  114  124
  56  328   80  141  128
  57  327   87  136  123
  58  322  103  128  102
  59  303  107  147   98
  60  319  121  125   92
  61  310  131  138   92
  62  300  133  141   86
  63  304  149  145   82
  64  296  158  139   85
  65  298  169  150   85
  66  305  189  151   79
  67  312  188  123  106
  68  324  197  126  108
  69  341  193  112  124
  70  363  199   88  124
  71  391  205   68  129
  72  398  196   72  138
  73  425  195   70  144
  74  423  195   70  120
  75  433  202  103  127
