   1  250   81  182  279
   2  255   80  184  274
   3  257   77  168  280
   4  244   71  179  286
   5  256   77  164  279
   6  279   69  142  298
   7  270   71  159  295
   8  264   75  155  287
   9  262   73  155  288
  10  256   75  176  290
  11  259   76  155  293
  12  272   81  155  284
  13  260   82  155  281
  14  255   78  173  292
  15  260   79  148  283
  16  261   79  152  285
  17  260   75  161  288
  18  252   67  170  294
  19  250   69  180  296
  20  254   70  172  295
  21  258   73  164  289
  22  252   72  178  293
  23  251   65  178  296
  24  258   79  172  284
  25  258   82  173  292
  26  256   82  164  287
  27  255   79  176  293
  28  255   81  169  296
  29  255   77  170  284
  30  257   74  176  288
  31  250   70  175  291
  32  257   68  169  299
  33  253   70  176  291
  34  259   76  174  289
  35  262   70  173  297
  36  271   71  162  296
  37  262   76  175  289
  38  256   75  167  302
  39  253   79  176  288
  40  257   82  184  285
  41  263   77  167  296
  42  262   77  172  296
  43  262   81  165  287
  44  261   78  170  297
  45  263   72  166  303
  46  253   68  188  307
  47  256   68  207  309
  48  258   77  176  299
  49  253   63  175  314
  50  256   63  194  310
  51  259   69  180  301
  52  251   73  190  300
  53  259   67  177  305
  54  259   66  177  309
  55  258   69  193  310
  56  260   68  186  311
  57  257   72  173  305
  58  256   69  175  310
  59  261   68  160  310
  60  258   63  160  319
  61  260   54  157  325
  62  259   53  157  324
  63  263   60  168  319
  64  258   66  173  313
  65  258   65  171  319
  66  256   59  176  319
  67  258   68  160  311
  68  257   68  185  319
  69  262   68  181  316
  70  256   68  190  315
  71  261   70  190  314
  72  258   63  167  325
  73  257   56  183  327
  74  258   57  197  330
  75  258   54  197  332
  76  257   55  180  334
  77  257   55  176  332
  78  259   60  180  327
  79  260   56  171  333
  80  255   60  195  332
  81  259   63  185  326
  82  257   60  182  331
  83  266   63  163  322
  84  252   54  197  341
  85  258   59  203  325
  86  261   58  185  328
  87  259   55  168  337
  88  264   57  178  334
  89  428   61  175  340
  90  260   43  171  345
  91  262   52  218  346
  92  257   48  192  350
  93  241   44  192  353
  94  252   53  203  347
  95  252   54  176  345
  96  246   55  193  340
  97  241   57  211  346
  98  239   54  180  346
  99  240   56  186  345
 100  236   36  208  365
 101  233   46  198  358
