   1   71    5  180  354
   2   81   18  178  345
   3   75   18  188  347
   4   86   24  175  348
   5   84   25  183  340
   6  101   28  168  351
   7   99   40  172  329
   8  104   38  160  321
   9  107   43  154  320
  10  111   46  153  321
  11  122   52  160  309
  12  120   57  140  298
  13  134   59  141  295
  14  135   67  131  276
  15  147   69  125  278
  16  153   73  126  280
  17  154   80  123  264
  18  157   81  115  260
  19  160   82  123  255
  20  165   85  127  256
  21  173   96  125  248
  22  177   93  122  247
  23  181   96  119  247
  24  185  103  107  241
  25  193  104  113  232
  26  193  105  110  233
  27  200  102  105  228
  28  197  106  111  220
  29  204  107  100  215
  30  209  108  117  220
  31  213  113  125  220
  32  211  112  112  222
  33  210  114  116  213
  34  212  110  119  228
  35  226  118  102  211
  36  231  127  110  201
  37  228  125  104  208
  38  225  127  107  212
  39  229  131  109  205
  40  227  132  100  198
  41  232  134   97  194
  42  235  135  105  197
  43  235  138  104  188
  44  237  142  100  183
  45  242  139  100  190
  46  244  140   98  191
  47  240  147  112  180
  48  247  145   95  184
  49  240  148  106  183
  50  243  147  105  182
  51  243  145  108  183
  52  242  150  106  182
  53  250  158   95  173
  54  242  160  112  170
  55  251  164   93  156
  56  243  152  105  179
  57  248  158   98  176
  58  249  166   90  161
  59  257  163   92  164
  60  251  168   97  161
  61  257  166   92  159
  62  252  166  102  159
  63  257  169   85  154
  64  256  169   77  156
  65  252  173   90  152
  66  260  170   86  156
  67  258  174   85  152
  68  261  180   78  147
  69  256  175   82  148
  70  257  179   82  146
  71  259  178   86  152
  72  256  176   86  143
  73  262  176   83  151
  74  263  178   74  148
  75  261  182   84  139
  76  263  181   86  141
  77  260  187   87  138
  78  257  186   88  139
  79  266  182   73  144
  80  263  187   80  134
  81  266  191   75  134
  82  268  187   82  134
  83  265  192   88  134
  84  264  193   88  126
  85  268  187   84  125
  86  264  193   89  126
  87  267  191   75  127
  88  265  184   79  134
  89  266  203   81  114
  90  269  197   79  133
  91  267  194   83  130
  92  269  193   82  134
  93  281  196   67  128
  94  269  200   87  126
  95  271  194   90  130
  96  272  196   84  127
  97  268  199   82  119
  98  282  205   67  114
  99  282  206   67   98
 100  272  191   78  133
 101  269  199   80  123
