   1  227  172  113  237
   2  227  176  117  232
   3  229  174  109  236
   4  224  172  115  238
   5  228  167  110  242
   6  222  174  114  233
   7  225  172  114  235
   8  229  177  109  229
   9  225  174  111  233
  10  224  176  115  226
  11  229  177  109  228
  12  220  172  119  236
  13  226  179  110  232
  14  219  170  119  241
  15  220  172  114  242
  16  210  171  128  237
  17  211  176  130  235
  18  221  179  110  240
  19  211  162  126  252
  20  214  173  120  238
  21  212  168  124  252
  22  210  171  126  246
  23  209  166  126  247
  24  209  170  118  246
  25  209  167  123  245
  26  207  158  123  264
  27  210  162  106  250
  28  203  161  123  260
  29  193  157  134  270
  30  197  171  133  253
  31  196  163  126  258
  32  192  168  134  241
  33  170  154  158  270
  34  197  165  129  250
  35  192  165  122  248
  36  194  166  121  246
  37  187  161  124  256
  38  183  168  133  252
  39  171  164  142  254
  40  183  166  127  251
  41  172  158  138  255
  42  184  159  124  249
  43  183  159  124  255
  44  179  158  127  266
  45  197  160  112  262
  46  182  163  129  262
  47  179  163  125  261
  48  184  166  130  252
  49  180  167  128  256
  50  177  162  132  263
  51  190  163  114  253
  52  184  162  125  257
  53  188  165  122  256
  54  178  168  144  251
  55  187  167  127  257
  56  178  162  133  261
  57  182  173  139  247
  58  181  159  133  263
  59  177  155  136  268
  60  182  162  131  262
  61  181  160  136  263
  62  176  160  140  261
  63  184  162  133  260
  64  178  158  140  267
  65  171  162  144  259
  66  176  159  145  263
  67  188  155  126  265
  68  187  159  125  260
  69  173  164  145  256
  70  184  167  141  252
  71  166  163  150  261
  72  172  155  140  271
  73  174  161  138  264
  74  164  157  148  269
  75  173  157  138  271
  76  169  152  142  279
  77  163  160  146  262
  78  168  152  140  279
  79  167  147  137  284
  80  167  143  138  279
  81  162  149  146  275
  82  170  149  139  278
  83  165  148  147  284
  84  176  151  131  275
  85  175  150  146  272
  86  171  145  140  281
  87  171  145  134  277
  88  170  148  129  279
  89  178  150  132  278
  90  170  145  135  283
  91  163  142  143  285
  92  175  145  138  287
  93  181  138  129  298
  94  178  146  131  285
  95  176  152  125  268
  96  154  139  156  281
  97  171  145  136  279
  98  179  136  125  291
  99  148  123  160  301
 100  164  141  144  278
 101  168  142  141  281
