   1  214  112  134  280
   2  212  108  147  291
   3  216  109  141  284
   4  203   99  141  303
   5  201  109  148  287
   6  204  106  166  300
   7  199  107  151  293
   8  201  107  140  290
   9  204  106  150  290
  10  208  111  140  286
  11  205  113  137  287
  12  196  114  152  283
  13  198  107  139  292
  14  190  116  163  290
  15  196  111  148  287
  16  204  108  142  291
  17  202  108  140  294
  18  202  113  147  280
  19  195  102  158  299
  20  201  109  138  288
  21  198  107  150  288
  22  193  107  152  290
  23  196  101  169  298
  24  201  100  152  297
  25  199  106  143  295
  26  200  104  142  295
  27  198  111  159  287
  28  198  108  148  289
  29  202  111  145  289
  30  194  113  159  286
  31  196  118  155  280
  32  188  109  168  287
  33  196  101  152  296
  34  197  106  152  291
  35  189  108  144  287
  36  191  104  146  293
  37  200   94  149  307
  38  192  105  165  295
  39  193  100  158  299
  40  190  102  155  296
  41  194  100  150  298
  42  198  101  144  299
  43  187  102  150  297
  44  197  105  138  293
  45  197  102  144  299
  46  190  104  149  297
  47  195  101  141  294
  48  197  103  139  293
  49  197  101  134  298
  50  198   99  144  301
  51  193  104  150  296
  52  188  100  157  297
  53  192   98  141  305
  54  187   97  166  307
  55  193   97  147  306
  56  187   99  165  303
  57  183   97  161  306
  58  183  104  178  292
  59  190   97  155  309
  60  186  105  158  294
  61  180  101  169  303
  62  178  100  167  304
  63  185  104  162  300
  64  186   95  158  309
  65  189  106  155  298
  66  183   99  157  301
  67  183  101  165  298
  68  179   98  168  303
  69  188   95  152  310
  70  183   87  167  315
  71  185   85  141  315
  72  173   89  154  317
  73  182   86  155  316
  74  165   86  171  320
  75  180   94  158  309
  76  177   97  161  306
  77  171   98  161  305
  78  176  101  164  301
  79  179   99  150  306
  80  181   95  153  311
  81  175  101  151  306
  82  166   86  176  324
  83  175   85  152  318
  84  171   88  166  318
  85  176   89  156  320
  86  181   84  161  322
  87  176   84  171  335
  88  174   92  190  322
  89  179   83  170  321
  90  167   86  178  322
  91  167   85  182  328
  92  169   89  184  321
  93  168   86  180  327
  94  168   84  182  330
  95  177   86  153  324
  96  168   91  182  319
  97  171   83  167  331
  98  164   85  190  326
  99  172   85  179  336
 100  156   84  198  325
 101  154   74  203  333
