   1  389   16  205  310
   2  393   19  200  309
   3  397   22  195  307
   4  401   25  190  306
   5  405   28  185  304
   6  410   31  180  302
   7  415   40  174  291
   8  420   50  167  279
   9  425   59  161  267
  10  430   69  154  255
  11  436   79  147  243
  12  436   82  147  240
  13  437   86  147  237
  14  437   89  147  234
  15  438   93  147  231
  16  439   97  146  227
  17  441  100  147  225
  18  443  105  147  222
  19  445  109  148  220
  20  447  113  148  217
  21  450  117  148  214
  22  454  120  145  211
  23  458  124  142  208
  24  462  127  139  205
  25  466  131  136  202
  26  470  135  133  198
  27  476  140  124  193
  28  481  146  115  187
  29  488  152  106  181
  30  494  158   97  175
  31  500  164   87  169
  32  498  166   91  169
  33  495  168   95  169
  34  494  170   99  168
  35  492  172  103  168
  36  490  175  106  167
  37  491  178  106  164
  38  492  181  106  160
  39  494  184  106  157
  40  495  187  106  153
  41  497  191  106  149
  42  499  193  102  147
  43  501  196   98  144
  44  503  199   93  141
  45  505  202   89  138
  46  508  205   84  135
  47  509  206   83  135
  48  510  208   82  134
  49  512  210   80  134
  50  513  212   79  133
  51  515  214   77  132
  52  517  218   74  127
  53  520  222   71  121
  54  523  226   68  115
  55  526  229   65  109
  56  529  234   61  103
  57  528  235   62  101
  58  527  237   63   99
  59  527  239   64   97
  60  526  241   65   95
  61  526  243   66   92
  62  526  243   68   93
  63  526  244   70   94
  64  526  245   72   94
  65  526  246   74   95
  66  526  247   75   95
  67  526  247   75   95
  68  526  247   75   95
