   1  686  183   31  129
   2  680  172   39  146
   3  677  162   42  150
   4  684  173   35  137
   5  682  165   35  148
   6  670  168   49  152
   7  673  161   44  154
   8  674  158   44  162
   9  672  168   46  147
  10  669  160   48  156
  11  671  167   47  156
  12  667  157   51  161
  13  672  158   47  167
  14  663  159   54  158
  15  666  156   52  165
  16  669  159   49  168
  17  657  155   59  167
  18  662  157   54  173
  19  649  142   70  192
  20  659  164   57  165
  21  654  160   63  167
  22  664  164   53  165
  23  660  154   57  179
  24  655  158   63  171
  25  659  160   57  165
  26  651  154   68  172
  27  657  164   61  163
  28  647  156   69  172
  29  658  161   60  174
  30  649  157   68  179
  31  644  164   73  165
  32  640  156   78  181
  33  645  165   72  177
  34  642  165   75  165
  35  646  169   71  164
  36  642  162   74  176
  37  636  164   81  172
  38  631  163   87  175
  39  632  164   86  173
  40  633  161   84  175
  41  636  160   81  172
  42  636  160   81  173
  43  637  155   80  180
  44  632  157   86  177
  45  634  161   83  173
  46  627  155   91  182
  47  628  159   91  173
  48  635  156   83  185
  49  627  155   90  187
  50  627  158   90  187
  51  627  157   91  191
  52  624  159   93  185
  53  618  153   99  195
  54  622  152   96  196
  55  625  148   94  184
  56  614  148  104  188
  57  614  149  103  191
  58  619  144   98  200
  59  617  153  100  196
  60  613  146  105  207
  61  614  149  104  195
  62  610  149  108  201
  63  611  145  106  196
  64  611  152  104  186
  65  618  150   96  199
  66  606  149  111  204
  67  601  142  117  213
  68  605  145  112  220
  69  596  147  120  203
  70  598  147  119  207
  71  596  136  120  209
  72  591  135  125  215
  73  593  141  123  203
  74  599  141  110  201
  75  594  141  112  197
  76  591  143  113  201
  77  594  138  103  205
  78  591  129  101  204
  79  581  125  119  223
  80  591  151  117  190
  81  593  149  104  190
  82  593  145   98  197
