   1  594  223   96  164  511  241   64  150
   2  595  216   98  171  503  233   73  155
   3  588  220   99  168  494  226   80  159
   4  589  221  100  169  491  233   85  153
   5  589  223  102  151  505  240   64  142
   6  592  210   96  173  500  231   76  159
   7  599  220   92  171  492  228   77  157
   8  598  221   89  181  491  225   72  159
   9  588  218   97  171  493  230   84  156
  10  601  225   86  162  506  233   64  156
  11  588  222  100  165  480  228   91  153
  12  586  198  110  189  491  223   79  165
  13  595  211   91  177  494  238   76  150
  14  593  217   86  177  490  240   71  147
  15  595  216   93  175  492  229   77  159
  16  593  207   95  189  491  233   78  158
  17  591  207   93  181  480  227   84  161
  18  591  204  102  193  484  226   78  166
  19  588  199  102  191  487  222   77  178
  20  597  209   88  186  493  229   69  163
  21  594  201   95  191  484  227   80  167
  22  588  202  107  196  489  229   73  163
  23  587  200  101  194  480  227   83  164
  24  584  201   97  192  481  231   83  160
  25  586  201   98  189  478  226   84  164
  26  587  208  104  194  480  225   83  170
  27  585  205   94  189  481  224   85  166
  28  582  207  101  188  477  226   85  168
  29  580  200  100  196  484  225   82  168
  30  575  200  101  194  477  222   84  166
  31  581  202   94  191  480  226   82  160
  32  575  207  106  183  487  224   78  168
  33  569  202  114  185  479  220   82  171
  34  572  192  117  200  476  213   89  177
  35  568  192  106  204  479  224   92  173
  36  567  199  113  185  471  217   97  175
  37  566  186  112  207  475  217   85  182
  38  571  189  106  203  470  213   94  177
  39  568  187  117  207  486  214   70  177
  40  569  186  118  211  478  217   82  174
  41  567  188  115  204  482  223   76  166
  42  572  188  107  205  477  218   81  178
  43  573  186  109  209  474  220   82  173
  44  569  184  107  209  466  210   85  185
  45  566  186  115  210  477  214   74  178
  46  568  183  121  211  470  208   83  183
  47  565  185  118  212  466  205   90  187
  48  573  180  113  215  470  206   83  188
  49  571  179  113  214  469  206   85  188
  50  570  173  114  230  467  206   88  189
  51  571  177  114  221  462  208   85  189
  52  568  177  117  223  455  203   94  197
  53  569  172  119  224  464  209   79  183
  54  563  170  121  226  466  202   76  196
  55  561  160  128  242  464  203   89  194
  56  557  165  133  231  459  202   86  191
  57  567  168  121  231  463  204   87  190
  58  564  168  121  231  461  205   90  190
  59  563  166  126  236  459  202   85  193
  60  556  160  136  234  454  202   92  196
  61  567  172  116  223  457  199   89  197
  62  560  163  122  238  454  196   87  201
  63  557  169  116  229  452  196   90  200
  64  567  190  107  216  449  192   94  204
  65  562  167  117  233  455  197   90  200
  66  551  165  125  238  447  196   94  200
  67  552  170  111  228  444  192   98  203
  68  546  163  120  233  448  190   93  204
  69  544  157  122  258  448  189   88  209
  70  546  165  124  229  445  191   89  207
  71  546  154  118  249  441  188   98  210
  72  547  144  116  254  437  189  100  213
  73  547  154  124  247  431  188  107  213
  74  547  149  122  256  435  192   96  204
  75  547  146  132  254  442  187   89  214
  76  546  140  126  265  432  184   99  214
  77  542  147  135  251  428  184  104  219
  78  546  147  119  258  428  178  109  224
  79  545  149  125  254  422  180  103  220
  80  542  147  142  260  424  177  102  224
  81  535  140  145  268  416  175  115  230
  82  536  142  146  262  414  174  102  231
  83  542  146  124  256  417  175   99  228
  84  527  133  141  269  410  181  102  222
  85  528  133  146  265  405  170  107  231
  86  535  126  131  276  402  171  117  228
  87  538  133  132  270  410  172   95  224
  88  536  131  129  267  401  171   97  227
  89  530  123  136  285  396  172  105  228
  90  528  131  137  269  397  166   98  233
  91  520  125  141  277  392  170  107  231
  92  526  125  140  279  396  162  100  236
  93  526  129  132  273  386  167  101  234
  94  515  126  161  273  388  163  100  236
  95  528  122  143  285  377  159  108  242
  96  523  132  136  277  380  155  103  251
  97  519  114  139  305  377  149   99  249
  98  508  120  161  290  363  154  108  250
  99  520  111  141  301  372  154   93  250
 100  509  111  143  292  365  155  108  248
