   1  303  196   71  159  227  186   79  172
   2  294  190   78  162  229  185   72  171
   3  297  190   72  168  227  186   80  166
   4  294  187   94  173  218  185   84  177
   5  297  184   84  168  215  184   92  174
   6  299  189   87  166  214  179   89  186
   7  293  183   82  181  212  178   93  178
   8  297  186   80  179  219  173   83  181
   9  292  175  100  196  213  176   84  177
  10  294  177   92  179  206  172   92  181
  11  290  182   91  172  206  163   96  193
  12  289  186  104  177  212  171   86  183
  13  282  180   99  178  206  169  102  196
  14  292  180   97  180  209  169   88  189
  15  283  177  105  192  206  172   93  186
  16  277  164  113  189  205  168   97  191
  17  290  180   94  164  207  172  100  184
  18  279  166  108  189  196  162  100  195
  19  287  174   99  184  214  171   72  189
  20  289  174   90  193  204  169   84  184
  21  285  183  111  175  208  163   83  187
  22  284  169  107  190  198  157   95  204
  23  277  170  122  206  200  161   98  198
  24  288  168   92  199  197  161  105  187
  25  283  167  108  208  205  156   90  202
  26  289  168   96  189  191  153  111  200
  27  282  167  106  205  192  157  100  203
  28  274  172  107  187  202  154   91  206
  29  278  164   97  184  195  154  105  207
  30  281  171  104  188  194  154  105  206
  31  279  164   88  190  195  159   85  201
  32  263  152  117  208  187  146  106  213
  33  272  166  112  188  194  158   97  203
  34  274  162   96  201  196  156   83  208
  35  268  162  117  200  189  152   95  214
  36  273  163  109  204  182  149  106  213
  37  270  166  119  200  177  153  107  209
  38  264  151  128  211  186  147   89  214
  39  267  155  123  200  176  148  106  214
  40  266  146  118  211  183  150  105  210
  41  273  151  115  194  183  144   96  216
  42  261  149  124  215  177  137  101  218
  43  255  144  135  222  180  146  106  212
  44  271  164  125  205  173  138  102  222
  45  259  155  130  190  176  141   99  225
  46  266  146  120  216  169  134  103  227
  47  258  142  114  222  178  135   81  227
  48  257  139  127  221  165  126  107  230
  49  269  146  116  222  171  135  101  228
  50  247  135  143  224  165  129  102  232
  51  257  144  126  215  156  125  121  237
  52  257  144  119  223  159  128  113  234
  53  255  167  136  193  161  134  108  233
  54  276  142   87  227  153  122  120  234
  55  264  147  106  226  157  126  109  235
  56  264  141  109  229  168  126  100  235
  57  264  140  108  219  154  120  121  241
  58  256  133  124  224  158  118   99  241
  59  258  127  109  234  158  114   97  241
  60  240  121  140  245  152  110  105  247
  61  248  121  132  242  155  110  104  250
  62  255  130  122  232  155  117   99  236
  63  243  120  127  247  147  119  116  229
  64  243  126  144  244  141  104  124  255
  65  245  118  126  246  139   99  124  268
  66  247  115  137  249  144  106  106  266
  67  240  123  145  256  135   91  117  273
  68  236  105  140  259  137  106  117  261
  69  243  115  127  249  114   85  143  284
  70  237  107  129  257  123  108  131  266
  71  235  111  145  254  117  116  134  245
  72  235  100  144  267  127   94  119  282
  73  242  109  128  270  116   90  132  276
  74  230  111  156  261  117   93  123  266
  75  241   98  140  268  104   84  144  290
  76  225   97  158  271   94   72  146  292
  77  234  100  139  265  100   76  130  293
  78  235   87  148  289  107   81  122  286
  79  228   86  151  278   94   64  128  297
  80  224   97  167  271   88   77  142  283
  81  217   82  171  293   78   66  149  297
  82  232   89  142  282   86   63  144  299
  83  222   86  155  285   93   73  134  289
  84  232   85  156  286   85   69  136  308
  85  227   77  141  296   67   63  164  316
  86  226   85  138  280   76   67  146  297
  87  221   83  164  291   69   47  149  316
  88  225   75  168  304   75   70  142  292
  89  211   80  170  287   60   42  167  328
  90  223   82  151  288   74   52  148  318
  91  220   71  155  305   69   52  154  312
  92  212   78  157  296   75   53  130  305
  93  209   72  168  300   60   39  147  324
  94  209   69  150  304   61   50  151  316
  95  209   68  151  302   53   29  153  336
  96  209   61  152  312   57   37  136  325
  97  207   71  152  301   55   31  147  332
  98  208   57  152  314   50   31  151  338
  99  208   49  163  324   34   32  155  336
 100  200   56  158  315   37   26  148  339
 101  201   50  157  320   32   23  151  338
