   1  344  172  104  185
   2  331  174  119  186
   3  334  167  124  186
   4  331  160  129  202
   5  329  180  132  185
   6  334  151  122  220
   7  342  174  103  179
   8  327  165  125  201
   9  335  164  126  200
  10  327  160  130  198
  11  330  162  127  194
  12  336  159  123  199
  13  345  171  110  187
  14  340  156  107  205
  15  341  162  108  201
  16  337  161  120  199
  17  338  157  114  207
  18  345  159  101  197
  19  338  163  120  193
  20  346  146  101  212
  21  337  160  114  200
  22  335  155  112  201
  23  328  151  125  208
  24  331  164  126  192
  25  335  155  116  209
  26  324  144  122  207
  27  330  159  116  215
  28  327  160  130  210
  29  329  138  127  228
  30  319  152  137  217
  31  327  160  117  198
  32  324  149  130  209
  33  325  154  126  218
  34  317  141  136  226
  35  327  157  119  205
  36  320  140  128  219
  37  314  137  134  231
  38  315  148  145  212
  39  309  147  148  212
  40  317  139  123  224
  41  314  146  133  213
  42  316  144  125  220
  43  305  145  142  221
  44  306  142  126  222
  45  308  147  123  211
  46  305  145  136  219
  47  311  146  129  218
  48  315  138  129  223
  49  293  133  152  226
  50  304  143  131  213
  51  314  139  130  222
  52  307  136  133  226
  53  309  137  128  224
  54  307  126  129  237
  55  304  138  136  228
  56  316  132  124  232
  57  303  122  128  240
  58  313  134  123  231
  59  308  129  139  232
  60  310  130  125  219
  61  300  134  127  219
  62  298  127  137  237
  63  296  139  136  223
  64  289  121  137  240
  65  286  133  142  229
  66  297  124  133  240
  67  289  111  143  255
  68  294  129  128  233
  69  289  127  138  236
  70  287  129  134  237
  71  282  120  133  236
  72  286  121  133  239
  73  292  122  127  231
  74  287  113  131  247
  75  281  110  156  257
  76  292  117  115  238
  77  275  108  151  255
  78  279  113  136  258
  79  282  110  136  256
  80  276  108  130  252
  81  270  104  140  254
  82  280  102  133  260
  83  279  104  139  253
  84  271  101  143  257
  85  287  104  120  254
  86  283  104  129  252
  87  278  104  131  259
  88  277   95  134  263
  89  277   92  143  272
  90  273   99  141  266
  91  264   98  157  266
  92  280   93  147  267
  93  278   97  145  263
  94  277   91  140  272
  95  272   91  145  271
  96  280   87  132  274
  97  270   87  138  278
  98  273   96  130  262
  99  274   86  143  274
 100  269   90  154  272
 101  272   92  134  265
 102  266   87  143  273
