   1  327  175   92  235
   2  322  178   96  230
   3  317  178  109  232
   4  318  184  108  219
   5  323  172  103  235
   6  317  180  122  222
   7  317  178  114  236
   8  317  171  114  233
   9  323  181  103  232
  10  319  170  111  244
  11  328  177   97  235
  12  322  167  110  248
  13  320  172  106  240
  14  312  168  115  241
  15  329  174   91  235
  16  319  166  109  246
  17  319  170  110  241
  18  320  173  109  236
  19  318  165  113  245
  20  314  176  121  233
  21  314  171  117  238
  22  319  166  106  245
  23  318  170  114  241
  24  311  164  127  246
  25  320  172  123  243
  26  315  166  119  245
  27  311  166  136  246
  28  315  162  134  251
  29  308  160  127  246
  30  325  167  112  240
  31  314  156  124  253
  32  311  165  144  239
  33  312  165  134  249
  34  317  161  132  253
  35  326  162  117  249
  36  326  170  119  241
  37  321  161  121  249
  38  323  161  122  257
  39  321  159  129  253
  40  323  161  127  254
  41  322  164  135  251
  42  319  153  133  266
  43  330  157  118  260
  44  328  153  132  263
  45  331  158  123  255
  46  333  157  121  263
  47  322  149  139  264
  48  325  151  136  267
  49  327  158  139  256
  50  326  149  141  269
  51  325  149  143  268
  52  325  159  135  259
  53  324  155  156  267
  54  328  151  135  276
  55  324  150  141  275
  56  324  154  147  266
  57  326  152  134  267
  58  324  155  145  268
  59  326  150  138  272
  60  325  150  154  277
  61  319  150  151  273
  62  326  156  143  262
  63  329  145  132  275
  64  319  143  148  284
  65  315  138  148  280
  66  327  158  127  261
  67  324  134  141  290
  68  321  138  145  282
  69  320  145  143  277
  70  326  140  146  288
  71  326  144  137  276
  72  316  136  155  289
  73  326  145  131  280
  74  324  143  135  281
  75  328  140  136  286
  76  328  132  138  297
  77  321  132  136  294
  78  329  136  133  294
  79  325  136  140  291
  80  321  140  145  284
  81  322  133  131  289
  82  324  143  128  277
  83  315  135  141  285
  84  321  140  134  288
  85  319  140  148  286
  86  323  134  139  284
  87  317  135  133  289
  88  316  128  137  294
  89  318  127  150  302
  90  323  127  133  298
  91  318  131  127  295
  92  320  133  133  290
  93  313  121  146  308
  94  318  120  144  309
  95  319  125  137  308
  96  319  123  157  298
  97  312  116  134  312
  98  320  120  126  311
  99  318  120  140  304
 100  316  113  145  312
 101  321  123  137  306
 102  314  120  137  303
 103  317  122  144  306
