   1  476  229   71  177
   2  472  233   78  177
   3  468  233   92  171
   4  473  231   82  176
   5  467  228   78  186
   6  471  223   80  195
   7  474  224   82  185
   8  469  218   82  188
   9  474  221   82  193
  10  473  215   92  201
  11  470  218   89  194
  12  470  216   93  199
  13  468  220   98  192
  14  469  218  101  198
  15  478  206   84  213
  16  475  210   83  210
  17  468  216  102  203
  18  477  214   94  198
  19  471  213  108  214
  20  466  211  112  206
  21  484  210   94  209
  22  482  211   87  198
  23  473  204   96  216
  24  481  204   92  202
  25  476  206  100  208
  26  470  204  114  205
  27  473  197  103  220
  28  472  211  112  207
  29  477  190  105  220
  30  475  193  101  219
  31  476  202   91  210
  32  480  198   94  218
  33  479  202   88  206
  34  460  190  114  229
  35  473  202  111  217
  36  470  196  103  226
  37  470  197  110  225
  38  465  187  104  235
  39  463  194   97  229
  40  461  195   99  232
  41  460  186   99  233
  42  461  189  101  242
  43  458  179  107  241
  44  452  179  112  250
  45  456  181  109  242
  46  459  180  104  246
  47  450  174  104  246
  48  455  185  102  229
  49  454  170  101  255
  50  449  158  113  267
  51  445  164  123  261
  52  446  170  103  245
  53  455  168   89  245
  54  445  169   98  244
  55  446  168  112  251
  56  442  172  120  253
  57  441  160  111  260
  58  445  162  110  259
  59  434  155  119  272
  60  444  158  100  258
  61  432  146  115  271
  62  431  145  112  270
  63  444  151  106  269
  64  427  147  129  274
  65  434  130  110  288
  66  430  133  115  294
  67  423  126  132  301
  68  419  135  121  290
  69  414  133  135  292
  70  416  136  128  288
  71  410  125  125  308
  72  399  122  141  306
  73  406  120  137  314
  74  392  112  153  317
  75  395  107  131  318
  76  400  106  131  327
  77  394   96  143  331
  78  383   84  150  350
  79  378   85  163  343
  80  377   83  157  345
  81  380   75  161  352
  82  373   82  159  352
  83  378   70  168  364
  84  374   65  151  366
  85  367   60  171  377
  86  376   64  164  368
  87  373   67  163  377
  88  360   56  184  380
  89  359   46  189  397
  90  365   43  174  402
  91  357   33  188  411
  92  362   30  176  407
  93  356   18  188  420
  94  352   25  162  414
  95  339    9  199  431
