   1  259  109  112  302
   2  256  105  116  302
   3  245  106  123  304
   4  240  106  140  301
   5  250  106  122  303
   6  241   95  139  311
   7  246  104  131  313
   8  250  102  118  322
   9  233  103  147  307
  10  245   98  128  316
  11  247  103  124  311
  12  243  102  134  312
  13  242  108  134  309
  14  247  105  116  303
  15  227  102  149  312
  16  241  111  127  302
  17  235  109  137  305
  18  235  100  136  317
  19  236  106  129  308
  20  232  105  143  307
  21  228  104  143  309
  22  231  103  145  312
  23  231   98  140  319
  24  236   98  146  317
  25  237   98  138  317
  26  232   95  142  319
  27  233   97  146  317
  28  220   96  146  319
  29  233  100  142  317
  30  226  101  155  311
  31  240  102  145  316
  32  225   94  148  321
  33  231  101  141  317
  34  238   97  148  322
  35  234  105  144  311
  36  225   97  144  326
  37  231   97  139  326
  38  222   82  137  339
  39  214   81  159  338
  40  204   83  166  335
  41  222   81  148  335
  42  208   85  161  333
  43  214   91  143  327
  44  218   83  149  341
  45  224   88  141  333
  46  215   83  146  336
  47  213   91  146  333
  48  209   91  156  322
  49  222   82  156  333
  50  212   84  153  339
  51  213   85  159  343
  52  203   79  176  339
  53  218   72  147  354
  54  214   84  172  339
  55  220   68  152  355
  56  223   75  138  347
  57  210   74  163  345
  58  215   73  156  346
  59  221   74  157  348
  60  200   69  163  352
  61  214   57  155  366
  62  220   68  144  363
  63  218   64  153  363
  64  206   67  166  364
  65  217   60  154  364
  66  214   76  159  346
  67  209   66  174  360
  68  204   67  174  354
  69  211   74  164  348
  70  209   65  154  351
  71  216   72  156  352
  72  212   66  169  363
  73  208   71  175  355
  74  208   65  168  359
  75  215   61  155  363
  76  212   60  167  368
  77  222   61  157  365
  78  211   58  170  369
  79  207   56  183  372
  80  209   63  171  372
  81  204   56  171  372
  82  203   60  180  374
  83  205   56  173  373
  84  204   57  176  371
  85  199   53  181  383
  86  206   59  162  368
  87  200   58  184  369
  88  188   46  174  380
  89  200   62  177  368
  90  185   54  177  371
  91  190   54  166  375
  92  185   56  193  377
  93  177   48  186  384
  94  178   57  198  380
  95  180   41  193  398
  96  194   44  180  389
  97  192   51  186  383
  98  180   41  186  391
  99  177   43  184  408
 100  178   37  185  396
 101  180   40  181  391
