   1  115  191   95  163
   2  110  190   98  159
   3  108  190  110  166
   4  117  180  102  183
   5  112  188  102  171
   6  105  181  116  182
   7  102  175  123  183
   8  109  180  114  188
   9  114  188  104  173
  10  113  180  107  174
  11  107  184  110  167
  12  111  184  109  171
  13  115  185  110  180
  14  112  181  109  170
  15  109  169  115  188
  16  117  179  113  181
  17  109  179  132  187
  18  116  174  110  185
  19  121  180  116  183
  20  119  176  111  184
  21  110  172  124  190
  22  111  181  122  185
  23  108  174  122  184
  24  108  171  118  192
  25   97  164  139  197
  26  124  176  113  183
  27  112  171  127  190
  28  105  160  131  193
  29  113  174  122  196
  30  113  184  132  173
  31  118  172  118  183
  32  117  177  122  187
  33  110  166  125  187
  34  120  166  121  190
  35  121  165  110  199
  36  116  170  123  205
  37  119  174  129  197
  38  105  164  141  210
  39   95  154  149  218
  40  119  180  121  185
  41  122  172  114  204
  42  113  172  140  200
  43  128  175  104  201
  44  113  180  131  196
  45  126  179  115  193
  46  113  171  134  200
  47  125  172  125  200
  48  129  175  115  204
  49  121  172  128  196
  50  128  173  127  206
  51  126  172  117  195
  52  126  172  134  197
  53  127  163  119  211
  54  129  166  117  209
  55  122  162  141  207
  56  130  168  126  208
  57  126  166  127  207
  58  126  168  136  202
  59  132  171  133  199
  60  131  165  127  207
  61  130  161  133  215
  62  137  169  126  210
  63  132  163  128  222
  64  130  158  127  213
  65  129  159  148  218
  66  131  150  146  228
  67  141  150  137  227
  68  125  146  152  235
  69  139  152  131  226
  70  139  145  129  234
  71  133  145  137  228
  72  145  154  130  227
  73  137  145  143  233
  74  129  145  149  237
  75  145  161  133  217
  76  146  153  135  224
  77  138  154  137  223
  78  140  148  130  233
  79  146  155  136  225
  80  143  146  135  246
  81  152  156  135  226
  82  149  152  126  226
  83  147  150  140  227
  84  153  145  128  240
  85  152  152  126  225
  86  156  152  126  230
  87  149  148  142  235
  88  154  144  131  240
  89  150  142  139  244
  90  143  141  149  245
  91  146  143  148  250
  92  156  143  132  242
  93  153  146  141  236
  94  146  146  149  245
  95  154  146  146  238
  96  152  141  146  249
  97  160  151  140  236
  98  147  130  151  261
  99  159  141  147  253
 100  162  138  150  253
 101  165  133  147  254
