   1  175   79  135  323
   2  171   75  132  326
   3  165   69  145  326
   4  171   74  135  324
   5  168   74  136  327
   6  179   72  128  331
   7  172   74  135  331
   8  176   71  133  334
   9  176   73  144  327
  10  174   76  139  329
  11  175   70  144  330
  12  177   68  135  336
  13  177   70  140  332
  14  177   75  137  321
  15  182   70  140  342
  16  179   73  142  326
  17  184   78  134  320
  18  184   72  134  326
  19  179   79  140  319
  20  178   84  144  320
  21  166   65  157  337
  22  178   76  146  328
  23  179   73  141  328
  24  179   73  140  329
  25  179   71  144  334
  26  174   68  152  337
  27  176   62  145  345
  28  178   62  147  345
  29  183   65  140  351
  30  180   62  146  349
  31  172   67  156  344
  32  177   60  152  351
  33  167   63  155  353
  34  175   76  155  335
  35  174   70  157  337
  36  175   64  153  345
  37  176   68  152  347
  38  180   69  149  338
  39  174   68  160  339
  40  176   67  158  335
  41  178   69  154  336
  42  176   60  158  345
  43  178   64  156  348
  44  173   68  159  348
  45  174   65  156  348
  46  173   67  161  349
  47  184   68  149  341
  48  180   65  151  355
  49  181   66  152  346
  50  177   62  159  345
  51  175   65  157  343
  52  168   70  170  340
  53  187   68  147  351
  54  182   75  153  336
  55  175   70  162  342
  56  181   64  159  345
  57  178   63  158  353
  58  184   75  151  335
  59  177   59  161  353
  60  170   62  166  352
  61  168   54  167  353
  62  169   61  170  354
  63  164   58  173  350
  64  170   59  163  354
  65  167   63  165  341
  66  168   63  162  350
  67  161   61  178  349
  68  161   59  172  361
  69  160   67  173  349
  70  160   63  176  346
  71  165   65  170  346
  72  164   68  174  345
  73  161   61  175  355
  74  166   59  177  351
  75  166   59  185  362
  76  170   68  177  343
  77  171   55  175  358
  78  167   60  174  357
  79  165   56  177  357
  80  151   50  193  369
  81  169   66  178  352
  82  166   50  172  365
  83  163   48  173  367
  84  161   49  175  367
  85  165   61  173  349
  86  161   61  175  350
  87  177   67  157  356
  88  176   67  156  340
  89  167   68  164  347
  90  182   66  153  342
  91  166   74  163  337
  92  161   71  178  344
  93  163   62  173  349
  94  157   63  180  350
  95  169   58  165  356
  96  159   58  176  355
  97  159   53  184  364
  98  154   55  184  363
  99  158   55  176  361
 100  164   53  177  360
 101  172   61  167  344
