   1   55  144  142  333
   2   70  147  126  329
   3   64  145  139  333
   4   62  144  142  335
   5   67  145  136  333
   6   71  147  131  331
   7   62  144  137  333
   8   66  150  158  328
   9   82  151  121  328
  10   64  145  132  334
  11   78  152  129  325
  12   88  145  122  334
  13   72  149  149  329
  14   77  153  134  324
  15   81  156  130  320
  16   89  151  128  328
  17   87  155  115  323
  18   80  152  139  325
  19   82  158  144  320
  20   88  165  119  313
  21   86  158  119  320
  22   83  161  140  317
  23   84  163  115  315
  24   94  164  113  315
  25   78  161  129  316
  26   89  162  125  315
  27   88  165  108  312
  28   82  154  135  324
  29   88  163  123  315
  30   81  156  132  322
  31   90  158  118  320
  32   88  158  121  321
  33   82  158  134  320
  34   90  162  121  316
  35   90  158  125  319
  36   88  164  129  313
  37   95  165  117  313
  38   91  169  136  309
  39   97  175  123  302
  40   98  169  117  308
  41  104  168  132  309
  42  102  176  118  300
  43  104  172  138  306
  44  107  173  119  304
  45  110  167  120  310
  46  114  164  119  314
  47  111  167  112  311
  48  117  167  110  309
  49  118  166  127  311
  50  115  168  129  310
  51  122  175  110  303
  52  121  173  111  304
  53  125  168  117  310
  54  124  175  117  303
  55  122  175  130  301
  56  124  179  130  298
  57  122  171  122  307
  58  124  175  119  303
  59  118  176  129  299
  60  120  179  135  300
  61  122  166  145  312
  62  124  169  141  309
  63  132  166  133  312
  64  124  170  148  309
  65  129  174  137  304
  66  131  176  129  303
  67  134  167  119  311
  68  140  165  120  313
  69  137  169  123  305
  70  135  166  130  308
  71  133  166  124  307
  72  146  172  120  303
  73  140  156  130  320
  74  147  155  126  323
  75  144  165  130  312
  76  151  155  125  316
  77  146  165  118  308
  78  155  161  125  313
  79  149  167  148  307
  80  150  161  129  314
  81  150  166  126  312
  82  154  165  125  313
  83  150  161  119  313
  84  141  174  131  295
  85  156  164  113  307
  86  154  165  119  307
  87  149  157  158  307
  88  158  163  122  299
  89  154  159  113  306
  90  166  160  108  302
  91  154  161  117  302
  92  157  153  127  306
  93  157  155  124  308
  94  158  155  141  309
  95  158  159  130  306
  96  158  152  146  315
  97  164  154  131  312
  98  155  157  144  310
  99  159  150  131  320
 100  164  164  139  302
 101  168  162  140  305
