   1   18  148  104  306
   2   21  144  100  315
   3   15  141  122  315
   4   16  143  117  312
   5   17  141  113  307
   6   17  149  115  308
   7   23  150  121  302
   8   22  158  116  291
   9   25  156  111  292
  10   26  159  113  290
  11   27  156  113  293
  12   29  155  109  295
  13   34  159  108  294
  14   32  159  108  296
  15   37  157  101  297
  16   38  158  113  293
  17   30  153  118  293
  18   41  152  112  299
  19   36  148  121  298
  20   45  156  112  294
  21   37  148  114  305
  22   48  155  112  297
  23   48  154  109  300
  24   48  154  108  299
  25   46  155  116  298
  26   54  158  110  289
  27   59  154  106  301
  28   52  156  121  303
  29   65  156  106  304
  30   59  155  119  299
  31   64  157  109  304
  32   63  159  112  292
  33   60  159  109  295
  34   64  156  120  298
  35   59  150  122  307
  36   74  152  109  299
  37   68  141  113  313
  38   70  157  124  296
  39   65  150  138  309
  40   57  142  150  310
  41   72  157  128  291
  42   67  147  128  309
  43   68  156  128  282
  44   75  158  125  293
  45   70  158  139  292
  46   73  156  127  296
  47   73  164  126  279
  48   73  153  130  294
  49   73  158  135  289
  50   70  151  128  303
  51   78  155  122  288
  52   66  159  139  292
  53   72  152  141  293
  54   77  154  128  286
  55   87  147  117  298
  56   89  151  116  297
  57   84  150  120  296
  58   87  153  119  296
  59   85  155  125  290
  60   90  150  122  297
  61   79  148  135  299
  62   97  152  118  295
  63   98  147  121  303
  64  101  134  110  317
  65  106  144  115  306
  66  100  137  111  312
  67  105  141  111  308
  68  110  156  107  288
  69  111  142  116  304
  70  114  133  111  312
  71  126  129   99  305
  72  127  142   99  301
  73  128  136   97  308
  74  124  149  104  296
  75  122  141   99  304
  76  118  158  114  288
  77  103  136  123  307
  78  121  157   94  289
  79  124  158  100  292
  80  120  163  118  278
  81  118  164  127  281
  82  124  144  120  305
  83  116  153  120  291
  84  119  161  122  284
  85  122  157  121  287
  86  128  133  120  312
  87  124  150  125  292
  88  130  147  125  298
  89  134  151  111  297
  90  132  153  123  291
  91  135  149  110  303
  92  128  157  121  288
  93  138  156  110  292
  94  145  154  111  289
  95  133  153  107  297
  96  145  152  110  289
  97  147  153  110  288
  98  151  146  105  300
  99  153  155  109  288
 100  145  141  106  302
 101  155  168   99  273
