   1   71  178   90  199
   2   62  175   97  201
   3   63  174   96  198
   4   63  168   98  208
   5   70  177  102  204
   6   63  181  107  198
   7   60  169  109  206
   8   64  173  108  194
   9   59  161  123  234
  10   66  169  123  209
  11   61  157  114  213
  12   62  168  117  204
  13   74  170  100  208
  14   75  170  104  221
  15   45  155  136  223
  16   72  180  105  183
  17   76  173  100  196
  18   66  166  120  222
  19   75  178  117  215
  20   71  167  120  209
  21   78  171  113  202
  22   76  179  120  205
  23   65  158  126  235
  24   75  181  111  195
  25   74  179  113  197
  26   67  174  126  204
  27   83  178  100  193
  28   73  164  113  216
  29   73  164  115  214
  30   78  172  105  209
  31   79  174  110  198
  32   76  170  110  212
  33   72  165  129  211
  34   87  181  116  201
  35   82  176  113  221
  36   89  167  104  216
  37   83  182  105  197
  38   94  176   90  209
  39   86  178  116  203
  40   91  172  109  212
  41   83  178  114  203
  42   96  180  107  200
  43   89  173  110  206
  44   86  175  111  212
  45   92  173  110  205
  46  100  176   97  203
  47   95  181  113  196
  48   90  175  120  207
  49   94  186  102  193
  50   84  186  124  202
  51   99  177  107  210
  52   98  177  117  202
  53  102  175  113  209
  54   90  166  121  219
  55  109  188   98  191
  56  102  172  104  209
  57   92  180  119  202
  58   92  173  123  213
  59   83  169  119  217
  60   98  173  120  210
  61  103  162  102  227
  62   99  174  119  216
  63   91  177  125  205
  64  102  176  123  212
  65   89  170  126  217
  66  105  169  110  218
  67   99  161  106  224
  68   91  166  118  225
  69   95  175  124  215
  70  102  178  120  208
  71  108  179  107  211
  72  100  167  103  218
  73   92  176  113  203
  74  112  183   93  208
  75   83  168  133  211
  76  105  180  109  205
  77   96  174  125  215
  78   97  171  125  223
  79  104  171  116  226
  80   92  177  128  225
  81   93  180  131  220
  82   91  176  132  221
  83  101  179  118  217
  84   86  171  138  224
  85  102  178  114  220
  86   91  167  139  229
  87  104  168  113  223
  88   84  170  141  217
  89   98  160  123  239
  90   92  174  127  220
  91   99  180  125  216
  92   99  178  119  219
  93  102  178  124  212
  94  104  170  125  217
  95   96  177  140  208
  96  106  155  127  248
  97  103  183  130  213
  98  113  197  120  184
  99  101  162  137  226
 100  102  152  116  245
 101  113  196  122  200
