   1  192  166  111  294
   2  198  173  104  289
   3  196  164  107  297
   4  185  167  117  304
   5  196  159  106  304
   6  195  162  112  297
   7  197  166  109  291
   8  192  167  112  294
   9  190  155  129  308
  10  190  170  126  293
  11  196  156  113  304
  12  200  179  104  284
  13  203  167  102  294
  14  199  166  112  303
  15  209  172   96  288
  16  202  166  106  297
  17  207  170  107  295
  18  212  171  101  292
  19  209  169  120  298
  20  210  161  112  299
  21  215  167   99  300
  22  208  162  111  301
  23  208  164  106  300
  24  211  160  117  304
  25  211  163  123  304
  26  221  163  114  299
  27  208  168  127  295
  28  221  171  112  293
  29  219  169  122  299
  30  216  172  124  295
  31  217  173  126  292
  32  214  164  126  300
  33  213  165  133  302
  34  216  167  131  302
  35  218  160  133  306
  36  219  159  129  309
  37  223  159  121  310
  38  223  154  124  312
  39  221  156  138  311
  40  229  158  115  315
  41  227  156  122  313
  42  225  155  124  314
  43  231  155  116  314
  44  233  157  119  313
  45  239  158  112  314
  46  237  161  125  308
  47  247  160  116  315
  48  242  154  118  321
  49  241  156  131  313
  50  243  154  119  320
  51  249  159  110  311
  52  245  152  117  318
  53  255  154  112  316
  54  244  153  123  322
  55  262  153  109  301
  56  237  148  135  319
  57  249  149  117  322
  58  254  148  128  326
  59  261  150  123  322
  60  254  145  140  327
  61  265  150  121  326
  62  254  145  135  330
  63  255  155  142  312
  64  254  155  140  317
  65  252  157  143  318
  66  257  151  139  322
  67  259  156  133  320
  68  268  143  113  334
  69  252  137  139  337
  70  273  144  112  332
  71  263  145  116  331
  72  261  145  117  329
  73  266  135  120  340
  74  264  146  129  330
  75  266  146  129  331
  76  268  151  132  326
  77  272  149  126  329
  78  266  151  140  328
  79  275  153  111  322
  80  275  145  121  330
  81  278  154  119  321
  82  287  153  116  325
  83  286  151  109  327
  84  278  148  125  330
  85  287  150  119  327
  86  286  139  103  339
  87  297  146  107  330
  88  294  140  118  337
  89  295  144  120  334
  90  291  141  122  335
  91  297  138  124  340
  92  297  146  125  332
  93  303  143  129  333
  94  306  148  133  329
  95  300  152  132  326
  96  310  160  130  318
  97  310  159  134  321
  98  307  163  133  316
  99  308  162  134  315
 100  316  156  124  320
 101  317  161  123  318
