   1  312  102  183  280
   2  313  102  180  280
   3  314  102  177  280
   4  315  103  174  279
   5  316  103  171  279
   6  317  104  167  278
   7  317  105  171  279
   8  317  106  175  279
   9  317  107  179  280
  10  317  108  183  280
  11  317  109  186  280
  12  317  110  183  279
  13  317  112  180  277
  14  317  113  176  275
  15  317  115  173  273
  16  318  117  169  271
  17  317  113  172  274
  18  316  110  175  276
  19  316  107  178  278
  20  315  104  181  280
  21  315  101  184  282
  22  314  101  187  282
  23  313  101  189  282
  24  312  102  192  282
  25  311  102  194  282
  26  310  103  196  282
  27  310  105  193  280
  28  310  107  189  278
  29  310  109  185  275
  30  310  111  181  273
  31  311  113  177  270
  32  311  113  177  270
  33  311  114  176  270
  34  312  115  176  270
  35  312  116  175  270
  36  313  117  174  269
  37  311  116  174  270
  38  310  115  174  270
  39  309  115  174  270
  40  308  114  174  270
  41  307  114  174  270
  42  307  115  174  269
  43  307  116  173  268
  44  307  117  173  267
  45  307  118  172  266
  46  308  120  171  264
  47  308  121  170  262
  48  308  123  168  260
  49  308  125  166  258
  50  308  127  164  256
  51  308  129  162  253
  52  307  128  163  254
  53  307  127  163  254
  54  307  127  164  254
  55  307  126  164  254
  56  307  126  164  254
  57  307  126  164  254
  58  307  126  164  254
  59  307  126  164  254
  60  307  126  164  254
  61  308  127  163  253
  62  306  127  163  254
  63  305  127  163  254
  64  304  128  163  254
  65  303  128  163  254
  66  302  129  163  254
  67  300  129  165  253
  68  298  131  167  252
  69  296  132  169  251
  70  294  133  171  250
  71  293  134  173  248
  72  292  133  172  248
  73  291  134  170  248
  74  290  134  169  248
  75  289  134  167  248
  76  288  134  165  247
  77  287  133  165  248
  78  286  133  164  248
  79  285  133  163  249
  80  284  133  162  249
  81  284  133  161  249
  82  285  134  156  248
  83  286  135  151  247
  84  287  136  146  246
  85  288  137  141  245
  86  290  138  135  244
  87  289  139  139  242
  88  288  140  143  240
  89  287  141  146  238
  90  286  142  150  236
  91  286  144  153  234
  92  285  143  155  235
  93  285  142  156  236
  94  285  141  158  237
  95  285  140  159  238
  96  285  139  160  239
  97  284  140  160  239
  98  283  141  160  238
  99  283  142  159  237
 100  282  142  159  236
 101  282  144  158  235
 102  280  144  159  235
 103  278  144  159  235
 104  277  145  160  235
 105  275  145  160  235
 106  274  146  160  235
 107  272  145  158  236
 108  271  144  155  236
 109  270  143  153  237
 110  269  142  150  237
 111  268  142  147  237
 112  268  142  148  237
 113  268  142  149  237
 114  269  141  150  236
 115  269  142  151  236
 116  270  142  151  235
 117  270  141  145  236
 118  270  141  139  237
 119  270  140  133  238
 120  270  140  127  239
 121  271  140  121  239
 122  271  140  123  238
 123  271  141  125  237
 124  271  142  126  236
 125  271  143  128  235
 126  272  144  129  234
 127  271  143  130  234
 128  270  143  131  234
 129  269  143  132  234
 130  268  143  133  234
 131  268  143  134  233
 132  266  144  131  231
 133  265  147  127  229
 134  264  149  124  227
 135  263  151  120  225
 136  262  153  116  222
 137  261  154  116  221
 138  261  155  116  220
 139  260  156  116  218
 140  260  157  116  217
 141  260  159  116  215
 142  260  159  116  215
 143  260  159  116  215
 144  260  159  116  215
