   1  217   75  154  327
   2  215   73  154  329
   3  213   72  154  331
   4  212   70  154  333
   5  210   69  154  335
   6  209   68  154  336
   7  207   69  155  338
   8  205   71  155  340
   9  203   72  155  341
  10  200   74  155  343
  11  199   76  155  344
  12  199   77  159  344
  13  198   78  162  343
  14  199   79  166  343
  15  199   80  169  342
  16  199   82  172  341
  17  197   79  173  346
  18  196   77  173  350
  19  195   75  173  355
  20  194   73  173  359
  21  193   71  173  363
  22  188   72  179  365
  23  183   73  184  366
  24  178   74  190  368
  25  173   75  195  369
  26  169   77  200  370
  27  169   81  198  368
  28  169   85  195  365
  29  169   89  192  363
  30  168   93  189  360
  31  169   98  186  357
  32  167   96  188  358
  33  166   94  190  359
  34  165   93  191  359
  35  164   91  193  360
  36  163   90  194  360
  37  164   90  192  362
  38  166   90  190  364
  39  167   91  188  366
  40  169   91  186  368
  41  171   92  184  369
  42  174   94  183  370
  43  177   96  182  370
  44  180   98  180  370
  45  183  100  179  370
  46  187  103  177  370
  47  188  102  176  371
  48  189  101  175  372
  49  189  100  173  373
  50  191   99  172  374
  51  192   99  170  375
  52  189   98  175  375
  53  186   98  180  375
  54  183   98  184  375
  55  180   98  189  375
  56  178   98  193  375
  57  176   98  192  376
  58  175   98  191  377
  59  173   98  190  378
  60  172   98  189  379
  61  171   98  188  380
  62  169  101  189  377
  63  167  105  190  373
  64  166  109  191  369
  65  164  113  192  365
  66  163  117  192  361
  67  163  117  192  361
  68  163  117  192  361
  69  163  117  192  361
  70  163  117  192  361
  71  163  117  192  361
