   1  380  183   93  186
   2  380  181   94  189
   3  380  179   95  191
   4  381  177   95  194
   5  381  175   96  196
   6  382  174   96  198
   7  382  175   95  198
   8  383  176   93  198
   9  384  177   92  198
  10  385  178   90  198
  11  386  180   88  197
  12  386  181   91  196
  13  386  182   94  194
  14  386  183   96  192
  15  386  184   99  190
  16  386  186  101  188
  17  387  184  101  189
  18  388  183  101  189
  19  389  181  101  190
  20  390  180  101  190
  21  391  179  100  190
  22  392  178  100  191
  23  394  177  100  192
  24  395  177  100  192
  25  397  176  100  193
  26  399  176  100  193
  27  400  176   98  193
  28  402  177   95  192
  29  404  177   92  192
  30  406  178   89  191
  31  408  179   86  190
  32  408  177   89  191
  33  408  175   91  191
  34  409  174   94  191
  35  409  172   96  191
  36  410  171   98  191
  37  410  169   97  192
  38  410  166   96  192
  39  411  165   95  193
  40  411  163   94  193
  41  412  161   92  193
  42  412  161   93  193
  43  412  162   93  192
  44  412  162   94  192
  45  412  163   94  191
  46  413  164   94  190
  47  413  163   94  189
  48  414  162   93  188
  49  414  162   92  187
  50  415  161   91  186
  51  416  161   90  185
  52  418  159   91  188
  53  420  157   92  191
  54  422  155   92  194
  55  424  153   93  197
  56  426  151   93  200
  57  426  152   95  199
  58  426  153   96  198
  59  426  154   97  196
  60  426  155   98  195
  61  426  156   99  193
  62  428  154  100  194
  63  430  153  101  195
  64  433  152  102  195
  65  435  151  103  196
  66  438  150  104  196
  67  438  148  102  198
  68  439  146  100  200
  69  440  144   98  202
  70  441  142   96  204
  71  442  140   94  205
  72  442  141   94  204
  73  442  142   94  203
  74  442  143   93  202
  75  442  144   93  201
  76  443  145   92  200
  77  442  145   94  200
  78  442  146   96  200
  79  441  147   97  200
  80  441  148   99  200
  81  441  149  100  199
  82  440  147  100  201
  83  440  146   99  202
  84  440  144   98  203
  85  440  143   97  204
  86  440  142   96  205
  87  441  141   95  204
  88  442  141   94  203
  89  444  140   93  202
  90  445  140   92  201
  91  447  140   90  200
  92  447  141   89  200
  93  447  143   88  199
  94  448  144   87  198
  95  448  146   86  197
  96  449  148   84  196
  97  448  147   87  197
  98  447  146   89  198
  99  446  145   91  199
 100  445  144   93  200
 101  445  144   95  200
 102  445  143   96  201
 103  445  143   96  202
 104  446  142   96  203
 105  446  142   96  204
 106  447  142   96  204
 107  447  142   96  204
 108  447  142   96  204
 109  447  142   96  204
