   1  207   41  143  301
   2  217   34  136  318
   3  209   35  138  317
   4  205   35  143  309
   5  208   33  126  314
   6  210   45  132  302
   7  204   35  132  326
   8  195   50  138  295
   9  192   46  142  317
  10  190   46  145  316
  11  191   49  120  301
  12  189   44  137  330
  13  182   48  142  315
  14  178   49  141  312
  15  185   55  138  308
  16  181   45  144  311
  17  185   44  117  316
  18  185   46  126  328
  19  178   44  129  335
  20  155   38  149  327
  21  171   48  135  309
  22  178   43  128  334
  23  167   48  139  328
  24  164   48  144  324
  25  155   51  142  330
  26  153   57  134  324
  27  147   60  156  330
  28  135   47  153  342
  29  148   68  142  316
  30  150   71  139  311
  31  147   65  139  326
  32  149   57  146  354
  33  145   61  149  328
  34  140   59  161  340
  35  141   59  149  334
  36  134   56  157  341
  37  146   65  136  329
  38  143   68  134  322
  39  145   62  140  338
  40  140   66  143  339
  41  145   68  141  335
  42  139   74  146  347
  43  143   80  156  328
  44  131   74  137  335
  45  137   83  131  330
  46  127   83  145  333
  47  138   81  138  339
  48  137   83  134  342
  49  132   81  139  339
  50  138   78  126  346
  51  126   83  137  336
  52  141   91  134  334
  53  135   81  136  358
  54  133   86  140  338
  55  125   79  140  351
  56  123   90  152  352
  57  122   95  151  356
  58  122  102  152  346
  59  124   97  152  353
  60  128   93  142  364
  61  125  106  145  352
  62  128  108  141  354
  63  133  103  129  353
  64  126  101  139  360
  65  120  108  137  345
  66  120  100  150  358
  67  130  106  146  357
  68  121  108  145  347
  69  125   98  145  365
  70  122  104  143  362
  71  120  114  138  364
  72  123  118  139  361
  73  131  126  142  358
  74  125  115  134  366
  75  126  129  142  353
  76  123  125  143  368
  77  131  117  153  374
  78  125  127  133  370
  79  131  123  138  378
  80  132  113  140  384
  81  130  124  125  361
  82  131  117  123  372
  83  128  119  138  377
  84  125  121  128  375
  85  116  121  140  383
  86  130  129  137  376
  87  122  129  142  386
  88  127  133  145  379
  89  120  134  162  384
  90  123  138  152  387
  91  126  133  157  393
  92  137  131  140  400
  93  126  128  154  394
  94  133  124  150  391
  95  136  124  150  390
  96  134  124  145  382
  97  136  118  155  389
  98  137  117  164  387
  99  137  116  157  386
 100  146  119  160  391
 101  144  120  168  385
